66.8; 100; 12.91; 2.34088; 101.098; 101.098; 95.5977; 95.4292; 12.9396; 2.34088; 13.89; 400; 101.098; flow_0.3; 0; 98.8977
66.9; 100; 12.92; 3.63535; 101.098; 101.098; 95.5977; 95.436; 12.9446; 3.63535; 13.89; 400; 101.098; flow_0.3; 101.098; 98.8977
67; 100; 12.91; 4.92972; 101.098; 101.098; 95.5977; 95.4428; 12.9439; 4.92972; 13.89; 400; 101.098; flow_0.3; 101.098; 98.8977
67.1; 100; 12.91; 6.22406; 101.098; 101.098; 95.5977; 95.4496; 12.9433; 6.22406; 13.89; 400; 101.098; flow_0.3; 101.098; 98.8977
67.2; 100; 12.91; 7.51834; 101.098; 101.098; 95.5977; 95.4564; 12.9427; 7.51834; 13.89; 400; 101.098; flow_0.3; 101.098; 98.8977
67.3; 100; 12.91; 8.81253; 101.098; 101.098; 95.5977; 95.4632; 12.942; 8.81253; 13.89; 400; 101.098; flow_0.3; 101.098; 98.8977
67.4; 100; 12.91; 10.1067; 101.098; 101.098; 95.5977; 95.4701; 12.9413; 10.1067; 13.89; 400; 101.098; flow_0.3; 101.098; 98.8977
67.5; 100; 12.91; 11.4007; 101.098; 101.098; 95.5977; 95.4769; 12.9406; 11.4007; 13.89; 400; 101.098; flow_0.3; 101.098; 98.8977
67.6; 100; 12.91; 12.6947; 101.098; 101.098; 95.5977; 95.4837; 12.9398; 12.6947; 13.89; 400; 101.098; flow_0.3; 101.098; 98.8977
67.7; 100; 12.91; 13.9886; 101.098; 101.098; 95.5977; 95.4906; 12.9391; 13.9886; 13.89; 400; 101.098; flow_0.3; 101.098; 98.8977
67.8; 100; 12.91; 15.2824; 101.098; 101.098; 95.5977; 95.4975; 12.9383; 15.2824; 13.89; 400; 101.098; flow_0.3; 101.098; 98.8977
67.9; 100; 12.91; 16.5762; 101.098; 101.098; 95.5977; 95.5043; 12.9375; 16.5762; 13.89; 400; 101.098; flow_0.3; 101.098; 98.8977
68; 100; 12.91; 17.8699; 101.098; 101.098; 95.5977; 95.5112; 12.9368; 17.8699; 13.89; 400; 101.098; flow_0.3; 101.098; 98.8977
68.1; 100; 12.9; 19.1635; 101.098; 101.098; 95.5977; 95.518; 12.936; 19.1635; 13.89; 400; 101.098; flow_0.3; 101.098; 98.8977
68.2; 100; 12.9; 20.457; 101.098; 101.098; 95.5977; 95.5249; 12.9352; 20.457; 13.89; 400; 101.098; flow_0.3; 101.098; 98.8977
68.3; 100; 12.9; 21.7504; 101.098; 101.098; 95.5977; 95.5318; 12.9343; 21.7504; 13.89; 400; 101.098; flow_0.3; 101.098; 98.8977
68.4; 100; 12.9; 23.0438; 101.098; 101.098; 95.5977; 95.5387; 12.9334; 23.0438; 13.89; 400; 101.098; flow_1.2; 101.098; 98.8977
68.5; 100; 12.9; 24.337; 101.098; 101.098; 95.5977; 95.5456; 12.9324; 24.337; 13.89; 400; 101.098; flow_1.2; 101.098; 98.8977
68.6; 100; 12.9; 25.6301; 101.098; 101.098; 95.5977; 95.5525; 12.9314; 25.6301; 13.89; 400; 101.098; flow_1.2; 101.098; 98.8977
68.7; 100; 12.9; 26.9232; 101.098; 101.098; 95.5977; 95.5594; 12.9304; 26.9232; 13.89; 400; 101.098; flow_1.2; 101.098; 98.8977
68.8; 100; 12.9; 28.2161; 101.098; 101.098; 95.5977; 95.5663; 12.9294; 28.2161; 13.89; 400; 101.098; flow_1.2; 101.098; 98.8977
68.9; 100; 12.9; 29.509; 101.098; 101.098; 95.5977; 95.5732; 12.9284; 29.509; 13.89; 400; 101.098; flow_1.2; 101.098; 98.8977
69; 100; 12.89; 30.8017; 101.098; 101.098; 95.5977; 95.5802; 12.9273; 30.8017; 13.89; 400; 101.098; flow_1.2; 101.098; 98.8977
69.1; 100; 12.89; 32.0943; 101.098; 101.098; 95.5977; 95.5871; 12.9263; 32.0943; 13.89; 400; 101.098; flow_1.2; 101.098; 98.8977
69.2; 100; 12.89; 33.3868; 101.098; 101.098; 95.5977; 95.594; 12.9252; 33.3868; 13.89; 400; 101.098; flow_1.2; 101.098; 98.8977
69.3; 100; 12.89; 34.6793; 101.098; 101.098; 95.5977; 95.601; 12.9241; 34.6793; 13.89; 400; 101.098; flow_1.2; 101.098; 98.8977
69.4; 100; 12.89; 35.9715; 101.098; 101.098; 95.5977; 95.608; 12.9229; 35.9715; 13.89; 400; 101.098; flow_1.2; 101.098; 98.8977
69.5; 100; 12.89; 37.2637; 101.098; 101.098; 95.5977; 95.6149; 12.9217; 37.2637; 13.89; 400; 101.098; flow_1.2; 101.098; 98.8977
69.6; 100; 12.89; 38.5558; 101.098; 101.098; 95.5977; 95.6219; 12.9204; 38.5558; 13.89; 400; 101.098; flow_1.2; 101.098; 98.8977
69.7; 100; 12.89; 39.8477; 101.098; 101.098; 95.5977; 95.6289; 12.9192; 39.8477; 13.89; 400; 101.098; flow_1.2; 101.098; 98.8977
69.8; 100; 12.88; 41.1395; 101.098; 101.098; 95.5977; 95.6359; 12.918; 41.1395; 13.89; 400; 101.098; flow_1.2; 101.098; 98.8977
69.9; 100; 12.88; 42.4312; 101.098; 101.098; 95.5977; 95.6429; 12.9167; 42.4312; 13.89; 400; 101.098; flow_1.2; 101.098; 98.8977
70; 100; 12.88; 43.7227; 101.098; 101.098; 95.5977; 95.6499; 12.9154; 43.7227; 13.89; 400; 101.098; flow_1.2; 101.098; 98.8977
70.1; 100; 12.88; 45.0141; 101.098; 101.098; 95.5977; 95.6569; 12.9141; 45.0141; 13.89; 400; 101.098; flow_1.2; 101.098; 98.8977
70.2; 100; 12.88; 46.3054; 101.098; 101.098; 95.5977; 95.664; 12.9127; 46.3054; 13.89; 400; 101.098; flow_1.2; 101.098; 98.8977
70.3; 100; 12.88; 47.5965; 101.098; 101.098; 95.5977; 95.671; 12.9113; 47.5965; 13.89; 400; 101.098; flow_1.2; 101.098; 98.8977
70.4; 100; 12.87; 48.8875; 101.098; 101.098; 95.5977; 95.6781; 12.9099; 48.8875; 13.89; 400; 101.098; flow_1.2; 101.098; 98.8977
70.5; 100; 12.87; 50.1783; 101.098; 101.098; 95.5977; 95.6851; 12.9085; 50.1783; 13.89; 400; 101.098; flow_1.2; 101.098; 98.8977
70.6; 100; 12.87; 51.469; 101.098; 101.098; 95.5977; 95.6922; 12.907; 51.469; 13.89; 400; 101.098; flow_1.2; 101.098; 98.8977
70.7; 100; 12.87; 52.7596; 101.098; 101.098; 95.5977; 95.6993; 12.9055; 52.7596; 13.89; 400; 101.098; flow_1.2; 101.098; 98.8977
70.8; 100; 12.87; 54.05; 101.098; 101.098; 95.5977; 95.7064; 12.9039; 54.05; 13.89; 400; 101.098; flow_1.2; 101.098; 98.8977
70.9; 100; 12.87; 55.3402; 101.098; 101.098; 95.5977; 95.7135; 12.9024; 55.3402; 13.89; 400; 101.098; flow_1.2; 101.098; 98.8977
71; 100; 12.86; 56.6303; 101.098; 101.098; 95.5977; 95.7206; 12.9008; 56.6303; 13.89; 400; 101.098; flow_1.2; 101.098; 98.8977
71.1; 100; 12.86; 57.9202; 101.098; 101.098; 95.5977; 95.7278; 12.8992; 57.9202; 13.89; 400; 101.098; flow_1.2; 101.098; 98.8977
71.2; 100; 12.86; 59.21; 101.098; 101.098; 95.5977; 95.7349; 12.8976; 59.21; 13.89; 400; 101.098; flow_1.2; 101.098; 98.8977
71.3; 100; 12.86; 60.4996; 101.098; 101.098; 95.5977; 95.7421; 12.8959; 60.4996; 13.89; 400; 101.098; flow_1.2; 101.098; 98.8977
71.4; 100; 12.86; 61.789; 101.098; 101.098; 95.5977; 95.7492; 12.8942; 61.789; 13.89; 400; 101.098; flow_1.2; 101.098; 98.8977
71.5; 100; 12.86; 63.0782; 101.098; 101.098; 95.5977; 95.7564; 12.8924; 63.0782; 13.89; 400; 101.098; flow_1.2; 101.098; 98.8977
71.6; 100; 12.85; 64.3673; 101.098; 101.098; 95.5977; 95.7636; 12.8907; 64.3673; 13.89; 400; 101.098; flow_1.2; 101.098; 98.8977
71.7; 100; 12.85; 65.6562; 101.098; 101.098; 95.5977; 95.7708; 12.889; 65.6562; 13.89; 400; 101.098; flow_1.2; 101.098; 98.8977
71.8; 100; 12.85; 66.9449; 101.098; 101.098; 95.5977; 95.7781; 12.8872; 66.9449; 13.89; 400; 101.098; flow_1.2; 101.098; 98.8977
71.9; 100; 12.85; 68.2334; 101.098; 101.098; 95.5977; 95.7853; 12.8853; 68.2334; 13.89; 400; 101.098; flow_1.2; 101.098; 98.8977
72; 100; 12.85; 69.5218; 101.098; 101.098; 95.5977; 95.7925; 12.8835; 69.5218; 13.89; 400; 101.098; flow_1.2; 101.098; 98.8977
72.1; 100; 12.84; 70.8099; 101.098; 101.098; 95.5977; 95.7998; 12.8816; 70.8099; 13.89; 400; 101.098; flow_1.2; 101.098; 98.8977
72.2; 100; 12.84; 72.0979; 101.098; 101.098; 95.5977; 95.8071; 12.8797; 72.0979; 13.89; 400; 101.098; flow_1.2; 101.098; 98.8977
72.3; 100; 12.84; 73.3857; 101.098; 101.098; 95.5977; 95.8144; 12.8778; 73.3857; 13.89; 400; 101.098; flow_1.2; 101.098; 98.8977
72.4; 100; 12.84; 74.6732; 101.098; 101.098; 95.5977; 95.8217; 12.8758; 74.6732; 13.89; 400; 101.098; flow_1.2; 101.098; 98.8977
72.5; 100; 12.83; 75.9606; 101.098; 101.098; 95.5977; 95.829; 12.8738; 75.9606; 13.89; 400; 101.098; flow_1.2; 101.098; 98.8977
72.6; 100; 12.83; 77.2478; 101.098; 101.098; 95.5977; 95.8363; 12.8717; 77.2478; 13.89; 400; 101.098; flow_1.2; 101.098; 98.8977
72.7; 100; 12.83; 78.5348; 101.098; 101.098; 95.5977; 95.8436; 12.8697; 78.5348; 13.89; 400; 101.098; flow_0.4; 101.098; 98.8977
72.8; 100; 12.83; 79.8215; 101.098; 101.098; 95.5977; 95.851; 12.8675; 79.8215; 13.89; 400; 101.098; flow_0.4; 101.098; 98.8977
72.9; 100; 12.82; 81.1081; 101.127; 101.127; 95.5977; 95.8584; 12.8654; 81.1081; 13.89; 400; 101.127; flow_0.4; 101.098; 98.9269
73; 100; 12.82; 82.3944; 101.127; 101.127; 95.5977; 95.8658; 12.8632; 82.3944; 13.89; 400; 101.127; flow_0.4; 101.127; 98.9269
73.1; 100; 12.82; 83.6805; 101.127; 101.127; 95.5977; 95.8732; 12.861; 83.6805; 13.89; 400; 101.127; flow_0.4; 101.127; 98.9269
73.2; 100; 12.82; 84.9664; 101.127; 101.127; 95.5977; 95.8806; 12.8588; 84.9664; 13.89; 400; 101.127; flow_0.4; 101.127; 98.9269
73.3; 100; 12.82; 86.252; 101.127; 101.127; 95.5977; 95.8881; 12.8565; 86.252; 13.89; 400; 101.127; flow_0.4; 101.127; 98.9269
73.4; 100; 12.81; 87.5374; 101.127; 101.127; 95.5977; 95.8955; 12.8542; 87.5374; 13.89; 400; 101.127; flow_0.4; 101.127; 98.9269
73.5; 100; 12.81; 88.8226; 101.127; 101.127; 95.5977; 95.903; 12.8519; 88.8226; 13.89; 400; 101.127; flow_0.4; 101.127; 98.9269
73.6; 100; 12.81; 90.1076; 101.127; 101.127; 95.5977; 95.9105; 12.8496; 90.1076; 13.89; 400; 101.127; flow_0.4; 101.127; 98.9269
73.7; 100; 12.8; 91.3923; 101.127; 101.127; 95.5977; 95.918; 12.8472; 91.3923; 13.89; 400; 101.127; flow_0.4; 101.127; 98.9269
73.8; 100; 12.8; 92.6768; 101.127; 101.127; 95.5977; 95.9255; 12.8448; 92.6768; 13.89; 400; 101.127; flow_0.4; 101.127; 98.9269
73.9; 100; 12.8; 93.961; 101.127; 101.127; 95.5977; 95.933; 12.8423; 93.961; 13.89; 400; 101.127; flow_0.4; 101.127; 98.9269
74; 100; 12.8; 95.245; 101.127; 101.127; 95.5977; 95.9406; 12.8398; 95.245; 13.89; 400; 101.127; flow_0.4; 101.127; 98.9269
74.1; 100; 12.79; 96.5287; 101.127; 101.127; 95.5977; 95.9482; 12.8373; 96.5287; 13.89; 400; 101.127; flow_0.4; 101.127; 98.9269
74.2; 100; 12.79; 97.8122; 101.127; 101.127; 95.5977; 95.9558; 12.8348; 97.8122; 13.89; 400; 101.127; flow_0.4; 101.127; 98.9269
74.3; 100; 12.79; 99.0954; 101.127; 101.127; 95.5977; 95.9634; 12.8322; 99.0954; 13.89; 400; 101.127; flow_0.4; 101.127; 98.9269
74.4; 100; 12.79; 100.378; 101.127; 101.127; 95.5977; 95.971; 12.8295; 100.378; 13.89; 400; 101.127; flow_0.4; 101.127; 98.9269
74.5; 100; 12.78; 101.661; 101.127; 101.127; 95.5977; 95.9787; 12.8269; 101.661; 13.89; 400; 101.127; flow_0.4; 101.127; 98.9269
74.6; 100; 12.78; 102.944; 101.127; 101.127; 95.5977; 95.9864; 12.8242; 102.944; 13.89; 400; 101.127; flow_0.4; 101.127; 98.9269
74.7; 100; 12.78; 104.226; 101.127; 101.127; 95.5977; 95.994; 12.8215; 104.226; 13.89; 400; 101.127; flow_0.4; 101.127; 98.9269
74.8; 100; 12.77; 105.508; 101.127; 101.127; 95.5977; 96.0018; 12.8188; 105.508; 13.89; 400; 101.127; flow_1.3; 101.127; 98.9269
74.9; 100; 12.77; 106.789; 101.127; 101.127; 95.5977; 96.0095; 12.816; 106.789; 13.89; 400; 101.127; flow_1.3; 101.127; 98.9269
75; 100; 12.77; 108.07; 101.127; 101.127; 95.5977; 96.0172; 12.8132; 108.07; 13.89; 400; 101.127; flow_1.3; 101.127; 98.9269
75.1; 100; 12.79; 109.352; 98.9269; 98.9269; 95.5977; 96.025; 12.8104; 109.352; 13.89; 400; 98.9269; flow_1.3; 101.127; 96.7269
75.2; 100; 12.78; 110.632; 98.9269; 98.9269; 95.5977; 96.0328; 12.8075; 110.632; 13.89; 400; 98.9269; flow_1.3; 98.9269; 96.7269
75.3; 100; 12.78; 111.913; 98.9269; 98.9269; 95.5977; 96.0406; 12.8047; 111.913; 13.89; 400; 98.9269; flow_1.3; 98.9269; 96.7269
75.4; 100; 12.78; 113.193; 98.9269; 98.9269; 95.5977; 96.0485; 12.802; 113.193; 13.89; 400; 98.9269; flow_1.3; 98.9269; 96.7269
75.5; 100; 12.77; 114.473; 98.9269; 98.9269; 95.5977; 96.0563; 12.7993; 114.473; 13.89; 400; 98.9269; flow_1.3; 98.9269; 96.7269
75.6; 100; 12.77; 115.753; 98.9269; 98.9269; 95.5977; 96.0642; 12.7966; 115.753; 13.89; 400; 98.9269; flow_1.3; 98.9269; 96.7269
75.7; 100; 12.77; 117.032; 98.9269; 98.9269; 95.5977; 96.0721; 12.7939; 117.032; 13.89; 400; 98.9269; flow_1.3; 98.9269; 96.7269
75.8; 100; 12.77; 118.311; 98.9269; 98.9269; 95.5977; 96.08; 12.7912; 118.311; 13.89; 400; 98.9269; flow_1.3; 98.9269; 96.7269
75.9; 100; 12.76; 119.59; 98.9269; 98.9269; 95.5977; 96.0879; 12.7884; 119.59; 13.89; 400; 98.9269; flow_1.3; 98.9269; 96.7269
76; 100; 12.76; 120.868; 98.9269; 98.9269; 95.5977; 96.0959; 12.7857; 120.868; 13.89; 400; 98.9269; flow_1.3; 98.9269; 96.7269
76.1; 100; 12.76; 122.147; 98.9269; 98.9269; 95.5977; 96.1038; 12.783; 122.147; 13.89; 400; 98.9269; flow_1.3; 98.9269; 96.7269
76.2; 100; 12.75; 123.425; 98.9269; 98.9269; 95.5977; 96.1118; 12.7802; 123.425; 13.89; 400; 98.9269; flow_1.3; 98.9269; 96.7269
76.3; 100; 12.75; 124.703; 98.9269; 98.9269; 95.5977; 96.1198; 12.7774; 124.703; 13.89; 400; 98.9269; flow_1.3; 98.9269; 96.7269
76.4; 100; 12.75; 125.98; 98.9269; 98.9269; 95.5977; 96.1279; 12.7745; 125.98; 13.89; 400; 98.9269; flow_1.3; 98.9269; 96.7269
76.5; 100; 12.75; 127.257; 98.9269; 98.9269; 95.5977; 96.1359; 12.7717; 127.257; 13.89; 400; 98.9269; flow_1.3; 98.9269; 96.7269
76.6; 100; 12.74; 128.534; 98.9269; 98.9269; 95.5977; 96.144; 12.7688; 128.534; 13.89; 400; 98.9269; flow_1.3; 98.9269; 96.7269
76.7; 100; 12.74; 129.811; 98.9269; 98.9269; 95.5977; 96.1521; 12.766; 129.811; 13.89; 400; 98.9269; flow_1.3; 98.9269; 96.7269
76.8; 100; 12.74; 131.087; 98.9269; 98.9269; 95.5977; 96.1602; 12.7631; 131.087; 13.89; 400; 98.9269; flow_1.3; 98.9269; 96.7269
76.9; 100; 12.73; 132.363; 98.9269; 98.9269; 95.5977; 96.1683; 12.7602; 132.363; 13.89; 400; 98.9269; flow_1.3; 98.9269; 96.7269
77; 100; 12.73; 133.639; 98.9269; 98.9269; 95.5977; 96.1765; 12.7572; 133.639; 13.89; 400; 98.9269; flow_1.3; 98.9269; 96.7269
77.1; 100; 12.73; 134.914; 98.9269; 98.9269; 95.5977; 96.1847; 12.7543; 134.914; 13.89; 400; 98.9269; flow_1.4; 98.9269; 96.7269
77.2; 100; 12.72; 136.189; 98.9269; 98.9269; 95.5977; 96.1929; 12.7513; 136.189; 13.89; 400; 98.9269; flow_1.4; 98.9269; 96.7269
77.3; 100; 12.72; 137.464; 98.9269; 98.9269; 95.5977; 96.2011; 12.7483; 137.464; 13.89; 400; 98.9269; flow_1.4; 98.9269; 96.7269
77.4; 100; 12.72; 138.739; 98.9269; 98.9269; 95.5977; 96.2093; 12.7453; 138.739; 13.89; 400; 98.9269; flow_1.4; 98.9269; 96.7269
77.5; 100; 12.71; 140.013; 98.9269; 98.9269; 95.5977; 96.2176; 12.7423; 140.013; 13.89; 400; 98.9269; flow_1.4; 98.9269; 96.7269
77.6; 100; 12.71; 141.287; 98.9269; 98.9269; 95.5977; 96.2259; 12.7392; 141.287; 13.89; 400; 98.9269; flow_1.4; 98.9269; 96.7269
77.7; 100; 12.71; 142.56; 98.9269; 98.9269; 95.5977; 96.2342; 12.7361; 142.56; 13.89; 400; 98.9269; flow_1.4; 98.9269; 96.7269
77.8; 100; 12.7; 143.834; 98.9269; 98.9269; 95.5977; 96.2425; 12.733; 143.834; 13.89; 400; 98.9269; flow_1.4; 98.9269; 96.7269
77.9; 100; 12.7; 145.107; 98.9269; 98.9269; 95.5977; 96.2509; 12.7299; 145.107; 13.89; 400; 98.9269; flow_1.4; 98.9269; 96.7269
78; 100; 12.7; 146.379; 98.9269; 98.9269; 95.5977; 96.2592; 12.7267; 146.379; 13.89; 400; 98.9269; flow_1.4; 98.9269; 96.7269
78.1; 100; 12.7; 147.652; 98.9269; 98.9269; 95.5977; 96.2676; 12.7235; 147.652; 13.89; 400; 98.9269; flow_1.4; 98.9269; 96.7269
78.2; 100; 12.69; 148.924; 98.9269; 98.9269; 95.5977; 96.276; 12.7203; 148.924; 13.89; 400; 98.9269; flow_1.4; 98.9269; 96.7269
78.3; 100; 12.69; 150.195; 98.9269; 98.9269; 95.5977; 96.2845; 12.7172; 150.195; 13.89; 400; 98.9269; flow_1.4; 98.9269; 96.7269
78.4; 100; 12.68; 151.467; 98.9269; 98.9269; 95.5977; 96.293; 12.714; 151.467; 13.89; 400; 98.9269; flow_1.4; 98.9269; 96.7269
78.5; 100; 12.68; 152.738; 98.9269; 98.9269; 95.5977; 96.3015; 12.7107; 152.738; 13.89; 400; 98.9269; flow_1.4; 98.9269; 96.7269
78.6; 100; 12.68; 154.009; 98.9269; 98.9269; 95.5977; 96.31; 12.7075; 154.009; 13.89; 400; 98.9269; flow_1.4; 98.9269; 96.7269
78.7; 100; 12.67; 155.279; 98.9269; 98.9269; 95.5977; 96.3185; 12.7042; 155.279; 13.89; 400; 98.9269; flow_1.4; 98.9269; 96.7269
78.8; 100; 12.67; 156.549; 98.9269; 98.9269; 95.5977; 96.3271; 12.7009; 156.549; 13.89; 400; 98.9269; flow_1.4; 98.9269; 96.7269
78.9; 100; 12.67; 157.819; 98.9269; 98.9269; 95.5977; 96.3356; 12.6975; 157.819; 13.89; 400; 98.9269; flow_1.4; 98.9269; 96.7269
79; 100; 12.66; 159.088; 98.9269; 98.9269; 95.5977; 96.3443; 12.6941; 159.088; 13.89; 400; 98.9269; flow_1.4; 98.9269; 96.7269
79.1; 100; 12.66; 160.357; 98.9269; 98.9269; 95.5977; 96.3529; 12.6908; 160.357; 13.89; 400; 98.9269; flow_1.4; 98.9269; 96.7269
79.2; 100; 12.66; 161.626; 98.9269; 98.9269; 95.5977; 96.3615; 12.6874; 161.626; 13.89; 400; 98.9269; flow_1.4; 98.9269; 96.7269
79.3; 100; 12.65; 162.894; 98.9269; 98.9269; 95.5977; 96.3702; 12.6839; 162.894; 13.89; 400; 98.9269; flow_1.5; 98.9269; 96.7269
79.4; 100; 12.65; 164.163; 98.9269; 98.9269; 95.5977; 96.3789; 12.6805; 164.163; 13.89; 400; 98.9269; flow_1.5; 98.9269; 96.7269
79.5; 100; 12.65; 165.43; 98.9269; 98.9269; 95.5977; 96.3877; 12.677; 165.43; 13.89; 400; 98.9269; flow_1.5; 98.9269; 96.7269
79.6; 100; 12.64; 166.698; 98.9269; 98.9269; 95.5977; 96.3964; 12.6735; 166.698; 13.89; 400; 98.9269; flow_1.5; 98.9269; 96.7269
79.7; 100; 12.64; 167.965; 98.9269; 98.9269; 95.5977; 96.4052; 12.6701; 167.965; 13.89; 400; 98.9269; flow_1.5; 98.9269; 96.7269
79.8; 100; 12.64; 169.231; 98.9269; 98.9269; 95.5977; 96.414; 12.6665; 169.231; 13.89; 400; 98.9269; flow_1.5; 98.9269; 96.7269
79.9; 100; 12.63; 170.498; 98.9269; 98.9269; 95.5977; 96.4229; 12.663; 170.498; 13.89; 400; 98.9269; flow_1.5; 98.9269; 96.7269
80; 100; 12.63; 171.763; 98.9269; 98.9269; 95.5977; 96.4317; 12.6595; 171.763; 13.89; 400; 98.9269; flow_1.5; 98.9269; 96.7269
80.1; 100; 12.62; 173.029; 98.9269; 98.9269; 95.5977; 96.4406; 12.6559; 173.029; 13.89; 400; 98.9269; flow_1.5; 98.9269; 96.7269
80.2; 100; 12.62; 174.294; 98.9269; 98.9269; 95.5977; 96.4495; 12.6523; 174.294; 13.89; 400; 98.9269; flow_1.5; 98.9269; 96.7269
80.3; 100; 12.62; 175.559; 98.9269; 98.9269; 95.5977; 96.4585; 12.6487; 175.559; 13.89; 400; 98.9269; flow_1.5; 98.9269; 96.7269
80.4; 100; 12.61; 176.824; 98.9269; 98.9269; 95.5977; 96.4674; 12.645; 176.824; 13.89; 400; 98.9269; flow_1.5; 98.9269; 96.7269
80.5; 100; 12.61; 178.088; 98.9269; 98.9269; 95.5977; 96.4764; 12.6413; 178.088; 13.89; 400; 98.9269; flow_1.5; 98.9269; 96.7269
80.6; 100; 12.6; 179.352; 98.9269; 98.9269; 95.5977; 96.4854; 12.6376; 179.352; 13.89; 400; 98.9269; flow_1.5; 98.9269; 96.7269
80.7; 100; 12.6; 180.615; 98.9269; 98.9269; 95.5977; 96.4945; 12.6339; 180.615; 13.89; 400; 98.9269; flow_1.5; 98.9269; 96.7269
80.8; 100; 12.6; 181.878; 98.9269; 98.9269; 95.5977; 96.5035; 12.6302; 181.878; 13.89; 400; 98.9269; flow_1.5; 98.9269; 96.7269
80.9; 100; 12.59; 183.141; 98.9269; 98.9269; 95.5977; 96.5126; 12.6264; 183.141; 13.89; 400; 98.9269; flow_1.5; 98.9269; 96.7269
81; 100; 12.59; 184.403; 98.9269; 98.9269; 95.5977; 96.5218; 12.6226; 184.403; 13.89; 400; 98.9269; flow_1.5; 98.9269; 96.7269
81.1; 100; 12.58; 185.665; 98.9269; 98.9269; 95.5977; 96.5309; 12.6187; 185.665; 13.89; 400; 98.9269; flow_1.5; 98.9269; 96.7269
81.2; 100; 12.58; 186.926; 98.9269; 98.9269; 95.5977; 96.5401; 12.6149; 186.926; 13.89; 400; 98.9269; flow_1.5; 98.9269; 96.7269
81.3; 100; 12.58; 188.187; 98.9269; 98.9269; 95.5977; 96.5493; 12.611; 188.187; 13.89; 400; 98.9269; flow_1.5; 98.9269; 96.7269
81.4; 100; 12.57; 189.448; 98.9269; 98.9269; 95.5977; 96.5585; 12.6071; 189.448; 13.89; 400; 98.9269; flow_1.5; 98.9269; 96.7269
81.5; 100; 12.57; 190.708; 98.9269; 98.9269; 95.5977; 96.5678; 12.6032; 190.708; 13.89; 400; 98.9269; flow_0.5; 98.9269; 96.7269
81.6; 100; 12.56; 191.968; 98.9269; 98.9269; 95.5977; 96.5771; 12.5992; 191.968; 13.89; 400; 98.9269; flow_0.5; 98.9269; 96.7269
81.7; 100; 12.56; 193.228; 98.9269; 98.9269; 95.5977; 96.5864; 12.5953; 193.228; 13.89; 400; 98.9269; flow_0.5; 98.9269; 96.7269
81.8; 100; 12.56; 194.487; 98.9269; 98.9269; 95.5977; 96.5958; 12.5913; 194.487; 13.89; 400; 98.9269; flow_0.5; 98.9269; 96.7269
81.9; 100; 12.55; 195.746; 98.9269; 98.9269; 95.5977; 96.6051; 12.5872; 195.746; 13.89; 400; 98.9269; flow_0.5; 98.9269; 96.7269
82; 100; 12.55; 197.004; 98.9269; 98.9269; 95.5977; 96.6145; 12.5832; 197.004; 13.89; 400; 98.9269; flow_0.5; 98.9269; 96.7269
82.1; 100; 12.54; 198.262; 98.9269; 98.9269; 95.5977; 96.624; 12.5792; 198.262; 13.89; 400; 98.9269; flow_0.5; 98.9269; 96.7269
82.2; 100; 12.54; 199.519; 98.9269; 98.9269; 95.5977; 96.6334; 12.5751; 199.519; 13.89; 400; 98.9269; flow_0.5; 98.9269; 96.7269
82.3; 100; 12.53; 200.776; 98.9269; 98.9269; 95.5977; 96.6429; 12.571; 200.776; 13.89; 400; 98.9269; flow_0.5; 98.9269; 96.7269
82.4; 100; 12.53; 202.033; 98.9269; 98.9269; 95.5977; 96.6525; 12.5668; 202.033; 13.89; 400; 98.9269; flow_0.5; 98.9269; 96.7269
82.5; 100; 12.53; 203.289; 98.9269; 98.9269; 95.5977; 96.662; 12.5626; 203.289; 13.89; 400; 98.9269; flow_0.5; 98.9269; 96.7269
82.6; 100; 12.52; 204.545; 98.9269; 98.9269; 95.5977; 96.6716; 12.5584; 204.545; 13.89; 400; 98.9269; flow_0.5; 98.9269; 96.7269
82.7; 100; 12.52; 205.801; 98.9269; 98.9269; 95.5977; 96.6812; 12.5542; 205.801; 13.89; 400; 98.9269; flow_0.5; 98.9269; 96.7269
82.8; 100; 12.51; 207.056; 98.9269; 98.9269; 95.5977; 96.6909; 12.55; 207.056; 13.89; 400; 98.9269; flow_0.5; 98.9269; 96.7269
82.9; 100; 12.51; 208.31; 98.9269; 98.9269; 95.5977; 96.7006; 12.5457; 208.31; 13.89; 400; 98.9269; flow_0.5; 98.9269; 96.7269
83; 100; 12.5; 209.564; 98.9269; 98.9269; 95.5977; 96.7103; 12.5414; 209.564; 13.89; 400; 98.9269; flow_0.5; 98.9269; 96.7269
83.1; 100; 12.5; 210.818; 98.9269; 98.9269; 95.5977; 96.72; 12.5371; 210.818; 13.89; 400; 98.9269; flow_0.5; 98.9269; 96.7269
83.2; 100; 12.49; 212.071; 98.9269; 98.9269; 95.5977; 96.7298; 12.5328; 212.071; 13.89; 400; 98.9269; flow_0.5; 98.9269; 96.7269
83.3; 100; 12.49; 213.324; 98.9269; 98.9269; 95.5977; 96.7396; 12.5284; 213.324; 13.89; 400; 98.9269; flow_0.5; 98.9269; 96.7269
83.4; 100; 12.48; 214.577; 98.9269; 98.9269; 95.5977; 96.7494; 12.524; 214.577; 13.89; 400; 98.9269; flow_0.5; 98.9269; 96.7269
83.5; 100; 12.48; 215.829; 98.9269; 98.9269; 95.5977; 96.7593; 12.5195; 215.829; 13.89; 400; 98.9269; flow_0.5; 98.9269; 96.7269
83.6; 100; 12.47; 217.08; 98.9269; 98.9269; 95.5977; 96.7692; 12.515; 217.08; 13.89; 400; 98.9269; flow_0.6; 98.9269; 96.7269
83.7; 100; 12.47; 218.331; 98.9269; 98.9269; 95.5977; 96.7791; 12.5105; 218.331; 13.89; 400; 98.9269; flow_0.6; 98.9269; 96.7269
83.8; 100; 12.47; 219.582; 98.9269; 98.9269; 95.5977; 96.7891; 12.506; 219.582; 13.89; 400; 98.9269; flow_0.6; 98.9269; 96.7269
83.9; 100; 12.46; 220.832; 98.9269; 98.9269; 95.5977; 96.7991; 12.5014; 220.832; 13.89; 400; 98.9269; flow_0.6; 98.9269; 96.7269
84; 100; 12.46; 222.082; 98.9269; 98.9269; 95.5977; 96.8091; 12.4968; 222.082; 13.89; 400; 98.9269; flow_0.6; 98.9269; 96.7269
84.1; 100; 12.45; 223.331; 98.9269; 98.9269; 95.5977; 96.8192; 12.4922; 223.331; 13.89; 400; 98.9269; flow_0.6; 98.9269; 96.7269
84.2; 100; 12.45; 224.58; 98.9269; 98.9269; 95.5977; 96.8293; 12.4876; 224.58; 13.89; 400; 98.9269; flow_0.6; 98.9269; 96.7269
84.3; 100; 12.44; 225.828; 98.9269; 98.9269; 95.5977; 96.8394; 12.483; 225.828; 13.89; 400; 98.9269; flow_0.6; 98.9269; 96.7269
84.4; 100; 12.44; 227.076; 98.9269; 98.9269; 95.5977; 96.8496; 12.4783; 227.076; 13.89; 400; 98.9269; flow_0.6; 98.9269; 96.7269
84.5; 100; 12.43; 228.323; 98.9269; 98.9269; 95.5977; 96.8598; 12.4736; 228.323; 13.89; 400; 98.9269; flow_0.6; 98.9269; 96.7269
84.6; 100; 12.43; 229.57; 98.9269; 98.9269; 95.5977; 96.87; 12.4689; 229.57; 13.89; 400; 98.9269; flow_0.6; 98.9269; 96.7269
84.7; 100; 12.42; 230.816; 98.9269; 98.9269; 95.5977; 96.8802; 12.4641; 230.816; 13.89; 400; 98.9269; flow_0.6; 98.9269; 96.7269
84.8; 100; 12.42; 232.062; 98.9269; 98.9269; 95.5977; 96.8906; 12.4593; 232.062; 13.89; 400; 98.9269; flow_0.6; 98.9269; 96.7269
84.9; 100; 12.41; 233.308; 98.9269; 98.9269; 95.5977; 96.9009; 12.4545; 233.308; 13.89; 400; 98.9269; flow_0.6; 98.9269; 96.7269
85; 100; 12.4; 234.553; 98.9269; 98.9269; 95.5977; 96.9113; 12.4497; 234.553; 13.89; 400; 98.9269; flow_0.6; 98.9269; 96.7269
85.1; 100; 12.4; 235.797; 98.9269; 98.9269; 95.5977; 96.9217; 12.4448; 235.797; 13.89; 400; 98.9269; flow_0.6; 98.9269; 96.7269
85.2; 100; 12.39; 237.041; 98.9269; 98.9269; 95.5977; 96.9321; 12.4399; 237.041; 13.89; 400; 98.9269; flow_0.6; 98.9269; 96.7269
85.3; 100; 12.39; 238.285; 98.9269; 98.9269; 95.5977; 96.9426; 12.4349; 238.285; 13.89; 400; 98.9269; flow_0.6; 98.9269; 96.7269
85.4; 100; 12.38; 239.528; 98.9269; 98.9269; 95.5977; 96.9531; 12.4299; 239.528; 13.89; 400; 98.9269; flow_0.6; 98.9269; 96.7269
85.5; 100; 12.38; 240.77; 98.9269; 98.9269; 95.5977; 96.9636; 12.4248; 240.77; 13.89; 400; 98.9269; flow_0.6; 98.9269; 96.7269
85.6; 100; 12.37; 242.012; 98.9269; 98.9269; 95.5977; 96.9742; 12.4198; 242.012; 13.89; 400; 98.9269; flow_0.6; 98.9269; 96.7269
85.7; 100; 12.37; 243.254; 98.9269; 98.9269; 95.5977; 96.9848; 12.4146; 243.254; 13.89; 400; 98.9269; flow_0.6; 98.9269; 96.7269
85.8; 100; 12.36; 244.495; 98.9269; 98.9269; 95.5977; 96.9955; 12.4095; 244.495; 13.89; 400; 98.9269; flow_0.7; 98.9269; 96.7269
85.9; 100; 12.36; 245.735; 98.9269; 98.9269; 95.5977; 97.0062; 12.4043; 245.735; 13.89; 400; 98.9269; flow_0.7; 98.9269; 96.7269
86; 100; 12.35; 246.975; 98.9269; 98.9269; 95.5977; 97.0169; 12.3991; 246.975; 13.89; 400; 98.9269; flow_0.7; 98.9269; 96.7269
86.1; 100; 12.34; 248.214; 98.9269; 98.9269; 95.5977; 97.0277; 12.3939; 248.214; 13.89; 400; 98.9269; flow_0.7; 98.9269; 96.7269
86.2; 100; 12.34; 249.453; 98.9269; 98.9269; 95.5977; 97.0385; 12.3887; 249.453; 13.89; 400; 98.9269; flow_0.7; 98.9269; 96.7269
86.3; 100; 12.33; 250.691; 98.9269; 98.9269; 95.5977; 97.0494; 12.3834; 250.691; 13.89; 400; 98.9269; flow_0.7; 98.9269; 96.7269
86.4; 100; 12.33; 251.929; 98.9269; 98.9269; 95.5977; 97.0602; 12.378; 251.929; 13.89; 400; 98.9269; flow_0.7; 98.9269; 96.7269
86.5; 100; 12.32; 253.167; 98.9269; 98.9269; 95.5977; 97.0712; 12.3726; 253.167; 13.89; 400; 98.9269; flow_0.7; 98.9269; 96.7269
86.6; 100; 12.32; 254.403; 98.9269; 98.9269; 95.5977; 97.0821; 12.3672; 254.403; 13.89; 400; 98.9269; flow_0.7; 98.9269; 96.7269
86.7; 100; 12.31; 255.639; 98.9269; 98.9269; 95.5977; 97.0931; 12.3618; 255.639; 13.89; 400; 98.9269; flow_0.7; 98.9269; 96.7269
86.8; 100; 12.3; 256.875; 98.9269; 98.9269; 95.5977; 97.1042; 12.3563; 256.875; 13.89; 400; 98.9269; flow_0.7; 98.9269; 96.7269
86.9; 100; 12.3; 258.11; 98.9269; 98.9269; 95.5977; 97.1153; 12.3508; 258.11; 13.89; 400; 98.9269; flow_0.7; 98.9269; 96.7269
87; 100; 12.29; 259.345; 98.9269; 98.9269; 95.5977; 97.1264; 12.3452; 259.345; 13.89; 400; 98.9269; flow_0.7; 98.9269; 96.7269
87.1; 100; 12.29; 260.579; 98.9269; 98.9269; 95.5977; 97.1375; 12.3397; 260.579; 13.89; 400; 98.9269; flow_0.7; 98.9269; 96.7269
87.2; 100; 12.28; 261.812; 98.9269; 98.9269; 95.5977; 97.1487; 12.334; 261.812; 13.89; 400; 98.9269; flow_0.7; 98.9269; 96.7269
87.3; 100; 12.27; 263.045; 98.9269; 98.9269; 95.5977; 97.16; 12.3284; 263.045; 13.89; 400; 98.9269; flow_0.7; 98.9269; 96.7269
87.4; 100; 12.27; 264.277; 98.9269; 98.9269; 95.5977; 97.1713; 12.3227; 264.277; 13.89; 400; 98.9269; flow_0.7; 98.9269; 96.7269
87.5; 100; 12.26; 265.509; 98.9269; 98.9269; 95.5977; 97.1826; 12.3169; 265.509; 13.89; 400; 98.9269; flow_0.7; 98.9269; 96.7269
87.6; 100; 12.25; 266.74; 98.9269; 98.9269; 95.5977; 97.194; 12.3112; 266.74; 13.89; 400; 98.9269; flow_0.7; 98.9269; 96.7269
87.7; 100; 12.25; 267.97; 98.9269; 98.9269; 95.5977; 97.2054; 12.3053; 267.97; 13.89; 400; 98.9269; flow_0.7; 98.9269; 96.7269
87.8; 100; 12.24; 269.2; 98.9269; 98.9269; 95.5977; 97.2168; 12.2995; 269.2; 13.89; 400; 98.9269; flow_0.7; 98.9269; 96.7269
87.9; 100; 12.24; 270.43; 98.9269; 98.9269; 95.5977; 97.2283; 12.2935; 270.43; 13.89; 400; 98.9269; flow_0.7; 98.9269; 96.7269
88; 100; 12.23; 271.659; 98.9269; 98.9269; 95.5977; 97.2398; 12.2876; 271.659; 13.89; 400; 98.9269; flow_1.6; 98.9269; 96.7269
88.1; 100; 12.22; 272.887; 98.9269; 98.9269; 95.5977; 97.2514; 12.2816; 272.887; 13.89; 400; 98.9269; flow_1.6; 98.9269; 96.7269
88.2; 100; 12.22; 274.114; 98.9269; 98.9269; 95.5977; 97.263; 12.2756; 274.114; 13.89; 400; 98.9269; flow_1.6; 98.9269; 96.7269
88.3; 100; 12.21; 275.341; 98.9269; 98.9269; 95.5977; 97.2747; 12.2695; 275.341; 13.89; 400; 98.9269; flow_1.6; 98.9269; 96.7269
88.4; 100; 12.2; 276.568; 98.9269; 98.9269; 95.5977; 97.2864; 12.2635; 276.568; 13.89; 400; 98.9269; flow_1.6; 98.9269; 96.7269
88.5; 100; 12.2; 277.793; 98.9269; 98.9269; 95.5977; 97.2982; 12.2573; 277.793; 13.89; 400; 98.9269; flow_1.6; 98.9269; 96.7269
88.6; 100; 12.19; 279.018; 98.9269; 98.9269; 95.5977; 97.31; 12.2511; 279.018; 13.89; 400; 98.9269; flow_1.6; 98.9269; 96.7269
88.7; 100; 12.18; 280.243; 98.9269; 98.9269; 95.5977; 97.3218; 12.2449; 280.243; 13.89; 400; 98.9269; flow_1.6; 98.9269; 96.7269
88.8; 100; 12.18; 281.467; 98.9269; 98.9269; 95.5977; 97.3337; 12.2387; 281.467; 13.89; 400; 98.9269; flow_1.6; 98.9269; 96.7269
88.9; 100; 12.17; 282.69; 98.9269; 98.9269; 95.5977; 97.3456; 12.2324; 282.69; 13.89; 400; 98.9269; flow_1.6; 98.9269; 96.7269
89; 100; 12.16; 283.913; 98.9269; 98.9269; 95.5977; 97.3576; 12.226; 283.913; 13.89; 400; 98.9269; flow_1.6; 98.9269; 96.7269
89.1; 100; 12.15; 285.135; 98.9269; 98.9269; 95.5977; 97.3696; 12.2196; 285.135; 13.89; 400; 98.9269; flow_1.6; 98.9269; 96.7269
89.2; 100; 12.15; 286.356; 98.9269; 98.9269; 95.5977; 97.3817; 12.2132; 286.356; 13.89; 400; 98.9269; flow_1.6; 98.9269; 96.7269
89.3; 100; 12.14; 287.577; 98.9269; 98.9269; 95.5977; 97.3938; 12.2067; 287.577; 13.89; 400; 98.9269; flow_1.6; 98.9269; 96.7269
89.4; 100; 12.13; 288.797; 98.9269; 98.9269; 95.5977; 97.406; 12.2001; 288.797; 13.89; 400; 98.9269; flow_1.6; 98.9269; 96.7269
89.5; 100; 12.12; 290.016; 98.9269; 98.9269; 95.5977; 97.4182; 12.1935; 290.016; 13.89; 400; 98.9269; flow_1.6; 98.9269; 96.7269
89.6; 100; 12.12; 291.235; 98.9269; 98.9269; 95.5977; 97.4305; 12.1869; 291.235; 13.89; 400; 98.9269; flow_1.6; 98.9269; 96.7269
89.7; 100; 12.11; 292.453; 98.9269; 98.9269; 95.5977; 97.4428; 12.1802; 292.453; 13.89; 400; 98.9269; flow_1.6; 98.9269; 96.7269
89.8; 100; 12.1; 293.67; 98.9269; 98.9269; 95.5977; 97.4552; 12.1734; 293.67; 13.89; 400; 98.9269; flow_1.6; 98.9269; 96.7269
89.9; 100; 12.09; 294.887; 98.9269; 98.9269; 95.5977; 97.4676; 12.1666; 294.887; 13.89; 400; 98.9269; flow_1.6; 98.9269; 96.7269
90; 100; 12.09; 296.103; 98.9269; 98.9269; 95.5977; 97.48; 12.1598; 296.103; 13.89; 400; 98.9269; flow_1.6; 98.9269; 96.7269
90.1; 100; 12.08; 297.318; 98.9269; 98.9269; 95.5977; 97.4925; 12.1529; 297.318; 13.89; 400; 98.9269; flow_1.6; 98.9269; 96.7269
90.2; 100; 12.07; 298.532; 98.9269; 98.9269; 95.5977; 97.5051; 12.1459; 298.532; 13.89; 400; 98.9269; flow_1.6; 98.9269; 96.7269
90.3; 100; 12.06; 299.746; 98.9269; 98.9269; 95.5977; 97.5177; 12.1389; 299.746; 13.89; 400; 98.9269; flow_0.8; 98.9269; 96.7269
90.4; 100; 12.06; 300.96; 98.9269; 98.9269; 95.5977; 97.5303; 12.1318; 300.96; 13.89; 400; 98.9269; flow_0.8; 98.9269; 96.7269
90.5; 100; 12.05; 302.172; 98.9269; 98.9269; 95.5977; 97.5431; 12.1247; 302.172; 13.89; 400; 98.9269; flow_0.8; 98.9269; 96.7269
90.6; 100; 12.04; 303.384; 98.9269; 98.9269; 95.5977; 97.5558; 12.1176; 303.384; 13.89; 400; 98.9269; flow_0.8; 98.9269; 96.7269
90.7; 100; 12.03; 304.595; 98.9269; 98.9269; 95.5977; 97.5686; 12.1104; 304.595; 13.89; 400; 98.9269; flow_0.8; 98.9269; 96.7269
90.8; 100; 12.02; 305.805; 98.9269; 98.9269; 95.5977; 97.5815; 12.1031; 305.805; 13.89; 400; 98.9269; flow_0.8; 98.9269; 96.7269
90.9; 100; 12.01; 307.015; 98.9269; 98.9269; 95.5977; 97.5944; 12.0958; 307.015; 13.89; 400; 98.9269; flow_0.8; 98.9269; 96.7269
91; 100; 12.01; 308.224; 98.9269; 98.9269; 95.5977; 97.6074; 12.0884; 308.224; 13.89; 400; 98.9269; flow_0.8; 98.9269; 96.7269
91.1; 100; 12; 309.432; 98.9269; 98.9269; 95.5977; 97.6204; 12.0809; 309.432; 13.89; 400; 98.9269; flow_0.8; 98.9269; 96.7269
91.2; 100; 11.99; 310.639; 98.9269; 98.9269; 95.5977; 97.6335; 12.0734; 310.639; 13.89; 400; 98.9269; flow_0.8; 98.9269; 96.7269
91.3; 100; 11.98; 311.846; 98.9269; 98.9269; 95.5977; 97.6466; 12.0659; 311.846; 13.89; 400; 98.9269; flow_0.8; 98.9269; 96.7269
91.4; 100; 11.97; 313.051; 98.9269; 98.9269; 95.5977; 97.6598; 12.0583; 313.051; 13.89; 400; 98.9269; flow_0.8; 98.9269; 96.7269
91.5; 100; 11.96; 314.256; 98.9269; 98.9269; 95.5977; 97.673; 12.0506; 314.256; 13.89; 400; 98.9269; flow_0.8; 98.9269; 96.7269
91.6; 100; 11.95; 315.461; 98.9269; 98.9269; 95.5977; 97.6863; 12.0426; 315.461; 13.89; 400; 98.9269; flow_0.8; 98.9269; 96.7269
91.7; 100; 11.94; 316.664; 98.9269; 98.9269; 95.5977; 97.6997; 12.0332; 316.664; 13.89; 400; 98.9269; flow_0.8; 98.9269; 96.7269
91.8; 100; 11.93; 317.866; 98.9269; 98.9269; 95.5977; 97.7132; 12.0222; 317.866; 13.89; 400; 98.9269; flow_0.8; 98.9269; 96.7269
91.9; 100; 11.92; 319.067; 98.9269; 98.9269; 95.5977; 97.7267; 12.0098; 319.067; 13.89; 400; 98.9269; flow_0.8; 98.9269; 96.7269
92; 100; 11.9; 320.267; 98.9269; 98.9269; 95.5977; 97.7403; 11.9964; 320.267; 13.89; 400; 98.9269; flow_0.8; 98.9269; 96.7269
92.1; 100; 11.89; 321.465; 98.9269; 98.9269; 95.5977; 97.7541; 11.9824; 321.465; 13.89; 400; 98.9269; flow_0.8; 98.9269; 96.7269
92.2; 100; 11.87; 322.662; 98.9269; 98.9269; 95.5977; 97.7679; 11.9671; 322.662; 13.89; 400; 98.9269; flow_0.8; 98.9269; 96.7269
92.3; 100; 11.85; 323.857; 98.9269; 98.9269; 95.5977; 97.7819; 11.9511; 323.857; 13.89; 400; 98.9269; flow_0.8; 98.9269; 96.7269
92.4; 100; 11.83; 325.05; 98.9269; 98.9269; 95.5977; 97.7959; 11.9341; 325.05; 13.89; 400; 98.9269; flow_0.9; 98.9269; 96.7269
92.5; 100; 11.82; 326.242; 98.9269; 98.9269; 95.5977; 97.8102; 11.9156; 326.242; 13.89; 400; 98.9269; flow_0.9; 98.9269; 96.7269
92.6; 100; 11.79; 327.432; 98.9269; 98.9269; 95.5977; 97.8245; 11.8962; 327.432; 13.89; 400; 98.9269; flow_0.9; 98.9269; 96.7269
92.7; 100; 11.77; 328.619; 98.9269; 98.9269; 95.5977; 97.839; 11.8765; 328.619; 13.89; 400; 98.9269; flow_0.9; 98.9269; 96.7269
92.8; 100; 11.75; 329.805; 98.9269; 98.9269; 95.5977; 97.8537; 11.8554; 329.805; 13.89; 400; 98.9269; flow_0.9; 98.9269; 96.7269
92.9; 100; 11.73; 330.988; 98.9269; 98.9269; 95.5977; 97.8685; 11.8333; 330.988; 13.89; 400; 98.9269; flow_0.9; 98.9269; 96.7269
93; 100; 11.71; 332.169; 98.9269; 98.9269; 95.5977; 97.8834; 11.8105; 332.169; 13.89; 400; 98.9269; flow_0.9; 98.9269; 96.7269
93.1; 100; 11.68; 333.348; 98.9269; 98.9269; 95.5977; 97.8986; 11.7873; 333.348; 13.89; 400; 98.9269; flow_0.9; 98.9269; 96.7269
93.2; 100; 11.66; 334.524; 98.9269; 98.9269; 95.5977; 97.9139; 11.7636; 334.524; 13.89; 400; 98.9269; flow_0.9; 98.9269; 96.7269
93.3; 100; 11.63; 335.698; 98.9269; 98.9269; 95.5977; 97.9294; 11.7388; 335.698; 13.89; 400; 98.9269; flow_0.9; 98.9269; 96.7269
93.4; 100; 11.61; 336.869; 98.9269; 98.9269; 95.5977; 97.945; 11.7134; 336.869; 13.89; 400; 98.9269; flow_0.9; 98.9269; 96.7269
93.5; 100; 11.58; 338.038; 98.9269; 98.9269; 95.5977; 97.9609; 11.687; 338.038; 13.89; 400; 98.9269; flow_0.9; 98.9269; 96.7269
93.6; 100; 11.55; 339.204; 98.9269; 98.9269; 95.5977; 97.977; 11.6601; 339.204; 13.89; 400; 98.9269; flow_0.9; 98.9269; 96.7269
93.7; 100; 11.52; 340.367; 98.9269; 98.9269; 95.5977; 97.9932; 11.6323; 340.367; 13.89; 400; 98.9269; flow_0.9; 98.9269; 96.7269
93.8; 100; 11.49; 341.528; 98.9269; 98.9269; 95.5977; 98.0097; 11.6035; 341.528; 13.89; 400; 98.9269; flow_0.9; 98.9269; 96.7269
93.9; 100; 11.46; 342.685; 98.9269; 98.9269; 95.5977; 98.0263; 11.5735; 342.685; 13.89; 400; 98.9269; flow_0.9; 98.9269; 96.7269
94; 100; 11.43; 343.839; 98.9269; 98.9269; 95.5977; 98.0432; 11.5427; 343.839; 13.89; 400; 98.9269; flow_0.9; 98.9269; 96.7269
94.1; 100; 11.4; 344.99; 98.9269; 98.9269; 95.5977; 98.0604; 11.511; 344.99; 13.89; 400; 98.9269; flow_0.9; 98.9269; 96.7269
94.2; 100; 11.37; 346.138; 98.9269; 98.9269; 95.5977; 98.0777; 11.4788; 346.138; 13.89; 400; 98.9269; flow_0.9; 98.9269; 96.7269
94.3; 100; 11.34; 347.283; 98.9269; 98.9269; 95.5977; 98.0953; 11.4462; 347.283; 13.89; 400; 98.9269; flow_0.9; 98.9269; 96.7269
94.4; 100; 11.3; 348.424; 98.9269; 98.9269; 95.5977; 98.1132; 11.4133; 348.424; 13.89; 400; 98.9269; flow_0.9; 98.9269; 96.7269
94.5; 100; 11.27; 349.562; 98.9269; 98.9269; 95.5977; 98.1312; 11.38; 349.562; 13.89; 400; 98.9269; flow_0.9; 98.9269; 96.7269
94.6; 100; 11.24; 350.697; 98.9269; 98.9269; 95.5977; 98.1495; 11.3456; 350.697; 13.89; 400; 98.9269; flow_1.7; 98.9269; 96.7269
94.7; 100; 11.2; 351.828; 98.9269; 98.9269; 95.5977; 98.1681; 11.3107; 351.828; 13.89; 400; 98.9269; flow_1.7; 98.9269; 96.7269
94.8; 100; 11.17; 352.955; 98.9269; 98.9269; 95.5977; 98.1869; 11.2755; 352.955; 13.89; 400; 98.9269; flow_1.7; 98.9269; 96.7269
94.9; 100; 11.14; 354.079; 98.9269; 98.9269; 95.5977; 98.206; 11.2396; 354.079; 13.89; 400; 98.9269; flow_1.7; 98.9269; 96.7269
95; 100; 11.1; 355.2; 98.9269; 98.9269; 95.5977; 98.2254; 11.2036; 355.2; 13.89; 400; 98.9269; flow_1.7; 98.9269; 96.7269
95.1; 100; 11.07; 356.317; 98.9269; 98.9269; 95.5977; 98.245; 11.1678; 356.317; 13.89; 400; 98.9269; flow_1.7; 98.9269; 96.7269
95.2; 100; 11.03; 357.43; 98.9269; 98.9269; 95.5977; 98.2648; 11.1313; 357.43; 13.89; 400; 98.9269; flow_1.7; 98.9269; 96.7269
95.3; 100; 11; 358.539; 98.9269; 98.9269; 95.5977; 98.2849; 11.0948; 358.539; 13.89; 400; 98.9269; flow_1.7; 98.9269; 96.7269
95.4; 100; 10.97; 359.645; 98.9269; 98.9269; 95.5977; 98.3053; 11.0578; 359.645; 13.89; 400; 98.9269; flow_1.7; 98.9269; 96.7269
95.5; 100; 10.93; 360.747; 98.9269; 98.9269; 95.5977; 98.326; 11.0209; 360.747; 13.89; 400; 98.9269; flow_1.7; 98.9269; 96.7269
95.6; 100; 10.9; 361.845; 98.9269; 98.9269; 95.5977; 98.3469; 10.9843; 361.845; 13.89; 400; 98.9269; flow_1.7; 98.9269; 96.7269
95.7; 100; 10.87; 362.94; 98.9269; 98.9269; 95.5977; 98.3681; 10.9476; 362.94; 13.89; 400; 98.9269; flow_1.7; 98.9269; 96.7269
95.8; 100; 10.84; 364.031; 98.9269; 98.9269; 95.5977; 98.3895; 10.9111; 364.031; 13.89; 400; 98.9269; flow_1.7; 98.9269; 96.7269
95.9; 100; 10.81; 365.119; 98.9269; 98.9269; 95.5977; 98.4112; 10.8754; 365.119; 13.89; 400; 98.9269; flow_1.7; 98.9269; 96.7269
96; 100; 10.78; 366.203; 98.9269; 98.9269; 95.5977; 98.4332; 10.8404; 366.203; 13.89; 400; 98.9269; flow_1.7; 98.9269; 96.7269
96.1; 100; 10.76; 367.284; 98.9269; 98.9269; 95.5977; 98.4554; 10.8061; 367.284; 13.89; 400; 98.9269; flow_1.7; 98.9269; 96.7269
96.2; 100; 10.73; 368.361; 98.9269; 98.9269; 95.5977; 98.4778; 10.7727; 368.361; 13.89; 400; 98.9269; flow_1.7; 98.9269; 96.7269
96.3; 100; 10.71; 369.435; 98.9269; 98.9269; 95.5977; 98.5005; 10.7409; 369.435; 13.89; 400; 98.9269; flow_1.7; 98.9269; 96.7269
96.4; 100; 10.69; 370.506; 98.9269; 98.9269; 95.5977; 98.5234; 10.7104; 370.506; 13.89; 400; 98.9269; flow_1.7; 98.9269; 96.7269
96.5; 100; 10.68; 371.574; 98.9269; 98.9269; 95.5977; 98.5465; 10.6815; 371.574; 13.89; 400; 98.9269; flow_1.7; 98.9269; 96.7269
96.6; 100; 10.67; 372.639; 98.9269; 98.9269; 95.5977; 98.5698; 10.6545; 372.639; 13.89; 400; 98.9269; flow_1.7; 98.9269; 96.7269
96.7; 100; 10.66; 373.703; 98.9269; 98.9269; 95.5977; 98.5933; 10.6304; 373.703; 13.89; 400; 98.9269; flow_1.7; 98.9269; 96.7269
96.8; 100; 10.66; 374.763; 98.9269; 98.9269; 95.5977; 98.6169; 10.6095; 374.763; 13.89; 400; 98.9269; flow_1.7; 98.9269; 96.7269
96.9; 100; 10.67; 375.823; 98.9269; 98.9269; 95.5977; 98.6406; 10.5917; 375.823; 13.89; 400; 98.9269; flow_0.10; 98.9269; 0
97; 100; 10.68; 376.88; 98.9269; 98.9269; 95.5977; 98.6645; 10.577; 376.88; 13.89; 400; 98.9269; flow_0.10; 98.9269; 0
97.1; 100; 10.7; 377.937; 98.9269; 98.9269; 95.5977; 98.6884; 10.5665; 377.937; 13.89; 400; 98.9269; flow_0.10; 98.9269; 0
97.2; 100; 10.73; 378.993; 98.9269; 98.9269; 95.5977; 98.7124; 10.5588; 378.993; 13.89; 400; 98.9269; flow_0.10; 98.9269; 0
97.3; 100; 10.77; 380.048; 98.9269; 98.9269; 95.5977; 98.7364; 10.5518; 380.048; 13.89; 400; 98.9269; flow_0.10; 98.9269; 0
97.4; 100; 10.82; 381.103; 98.9269; 98.9269; 95.5977; 98.7605; 10.5453; 381.103; 13.89; 400; 98.9269; flow_0.10; 98.9269; 0
97.5; 100; 10.89; 382.156; 98.9269; 98.9269; 95.5977; 98.7846; 10.5393; 382.156; 13.89; 400; 98.9269; flow_0.10; 98.9269; 0
97.6; 100; 10.97; 383.21; 98.9269; 98.9269; 95.5977; 98.8088; 10.534; 383.21; 13.89; 400; 98.9269; flow_0.10; 98.9269; 0
97.7; 100; 11.08; 384.263; 98.9269; 98.9269; 95.5977; 98.833; 10.5296; 384.263; 13.89; 400; 98.9269; flow_0.10; 98.9269; 0
97.8; 100; 11.22; 385.315; 98.9269; 98.9269; 95.5977; 98.8572; 10.5262; 385.315; 13.89; 400; 98.9269; flow_0.10; 98.9269; 0
97.9; 100; 11.41; 386.368; 98.9269; 98.9269; 95.5977; 98.8814; 10.524; 386.368; 13.89; 400; 98.9269; flow_0.10; 98.9269; 0
98; 100; 11.67; 387.42; 98.9269; 98.9269; 95.5977; 98.9057; 10.5235; 387.42; 13.89; 400; 98.9269; flow_0.10; 98.9269; 0
98.1; 100; 12; 388.473; 98.9299; 98.9299; 95.5977; 98.9299; 10.5251; 388.473; 13.89; 400; 98.9269; flow_0.10; 98.9269; 0
98.2; 100; 12.13; 389.526; 98.9541; 98.9541; 95.5977; 98.9541; 10.5295; 389.526; 13.89; 400; 98.9299; flow_0.10; 98.9299; 0
98.3; 100; 12.3; 390.579; 98.9782; 98.9782; 95.5977; 98.9782; 10.5374; 390.579; 13.89; 400; 98.9541; flow_0.10; 98.9541; 0
98.4; 100; 12.49; 391.634; 99.0023; 99.0023; 95.5977; 99.0023; 10.5488; 391.634; 13.89; 400; 98.9782; flow_0.10; 98.9782; 0
98.5; 100; 12.73; 392.691; 99.0262; 99.0262; 95.5977; 99.0262; 10.5632; 392.691; 13.89; 400; 99.0023; flow_0.10; 99.0023; 0
98.6; 100; 13.03; 393.749; 99.0501; 99.0501; 95.5977; 99.0501; 10.5807; 393.749; 13.89; 400; 99.0262; flow_0.10; 99.0262; 0
98.7; 100; 13.41; 394.809; 99.0737; 99.0737; 95.5977; 99.0737; 10.6015; 394.809; 13.89; 400; 99.0501; flow_0.10; 99.0501; 0
98.8; 100; 13.89; 395.87; 99.0974; 99.0974; 95.5977; 99.0974; 10.6093; 395.87; 13.89; 400; 99.0737; flow_0.10; 99.0737; 0
98.9; 100; 13.89; 396.931; 99.121; 99.121; 95.5977; 99.121; 10.6081; 396.931; 13.89; 400; 99.0974; flow_0.10; 99.0974; 0
99; 100; 13.89; 397.992; 99.1446; 99.1446; 95.5977; 99.1446; 10.6118; 397.992; 13.89; 400; 99.121; flow_0.10; 99.121; 0
99.1; 100; 13.89; 399.052; 99.2; 99.1682; 95.5977; 99.1682; 10.6067; 399.052; 13.89; 400; 99.1446; flow_0.10; 99.1446; 0
