69; 100; 13.74; 1.64752; 105.498; 105.498; 97.7977; 97.6791; 13.9863; 1.64752; 13.89; 400; 105.498; flow_1.2; 0; 103.298
69.1; 100; 13.51; 3.02151; 105.498; 105.498; 97.7977; 97.6802; 13.74; 3.02151; 13.89; 400; 105.498; flow_1.2; 105.498; 103.298
69.2; 100; 13.29; 4.3725; 105.498; 105.498; 97.7977; 97.6829; 13.51; 4.3725; 13.89; 400; 105.498; flow_1.2; 105.498; 103.298
69.3; 100; 13.08; 5.70151; 105.498; 105.498; 97.7977; 97.6872; 13.29; 5.70151; 13.89; 400; 105.498; flow_1.2; 105.498; 103.298
69.4; 100; 12.88; 7.00952; 105.498; 105.498; 97.7977; 97.6931; 13.08; 7.00952; 13.89; 400; 105.498; flow_1.2; 105.498; 103.298
69.5; 100; 12.69; 8.29752; 105.498; 105.498; 97.7977; 97.7003; 12.88; 8.29752; 13.89; 400; 105.498; flow_1.2; 105.498; 103.298
69.6; 100; 12.51; 9.5665; 105.498; 105.498; 97.7977; 97.709; 12.69; 9.5665; 13.89; 400; 105.498; flow_1.2; 105.498; 103.298
69.7; 100; 12.34; 10.8175; 105.498; 105.498; 97.7977; 97.7189; 12.51; 10.8175; 13.89; 400; 105.498; flow_1.2; 105.498; 103.298
69.8; 100; 12.18; 12.0515; 105.498; 105.498; 97.7977; 97.7301; 12.34; 12.0515; 13.89; 400; 105.498; flow_1.2; 105.498; 103.298
69.9; 100; 12.02; 13.2695; 105.498; 105.498; 97.7977; 97.7424; 12.18; 13.2695; 13.89; 400; 105.498; flow_1.2; 105.498; 103.298
70; 100; 11.87; 14.4715; 105.498; 105.498; 97.7977; 97.7558; 12.02; 14.4715; 13.89; 400; 105.498; flow_1.2; 105.498; 103.298
70.1; 100; 11.73; 15.6585; 105.498; 105.498; 97.7977; 97.7704; 11.87; 15.6585; 13.89; 400; 105.498; flow_1.2; 105.498; 103.298
70.2; 100; 11.6; 16.8315; 105.498; 105.498; 97.7977; 97.7859; 11.73; 16.8315; 13.89; 400; 105.498; flow_1.2; 105.498; 103.298
70.3; 100; 11.47; 17.9915; 105.498; 105.498; 97.7977; 97.8024; 11.6; 17.9915; 13.89; 400; 105.498; flow_1.2; 105.498; 103.298
70.4; 100; 11.35; 19.1385; 105.498; 105.498; 97.7977; 97.8198; 11.47; 19.1385; 13.89; 400; 105.498; flow_1.2; 105.498; 103.298
70.5; 100; 11.24; 20.2735; 105.498; 105.498; 97.7977; 97.8381; 11.35; 20.2735; 13.89; 400; 105.498; flow_1.2; 105.498; 103.298
70.6; 100; 11.13; 21.3975; 105.498; 105.498; 97.7977; 97.8572; 11.24; 21.3975; 13.89; 400; 105.498; flow_1.2; 105.498; 103.298
70.7; 100; 11.03; 22.5105; 105.498; 105.498; 97.7977; 97.8771; 11.13; 22.5105; 13.89; 400; 105.498; flow_1.2; 105.498; 103.298
70.8; 100; 10.93; 23.6135; 105.498; 105.498; 97.7977; 97.8977; 11.03; 23.6135; 13.89; 400; 105.498; flow_1.2; 105.498; 103.298
70.9; 100; 10.84; 24.7065; 105.498; 105.498; 97.7977; 97.919; 10.93; 24.7065; 13.89; 400; 105.498; flow_1.2; 105.498; 103.298
71; 100; 10.75; 25.7905; 105.498; 105.498; 97.7977; 97.9409; 10.84; 25.7905; 13.89; 400; 105.498; flow_1.2; 105.498; 103.298
71.1; 100; 10.67; 26.8655; 105.498; 105.498; 97.7977; 97.9635; 10.75; 26.8655; 13.89; 400; 105.498; flow_1.2; 105.498; 103.298
71.2; 100; 10.59; 27.9325; 105.498; 105.498; 97.7977; 97.9867; 10.67; 27.9325; 13.89; 400; 105.498; flow_1.2; 105.498; 103.298
71.3; 100; 10.52; 28.9915; 105.498; 105.498; 97.7977; 98.0105; 10.59; 28.9915; 13.89; 400; 105.498; flow_1.2; 105.498; 103.298
71.4; 100; 10.45; 30.0435; 105.498; 105.498; 97.7977; 98.0347; 10.52; 30.0435; 13.89; 400; 105.498; flow_1.2; 105.498; 103.298
71.5; 100; 10.39; 31.0885; 105.498; 105.498; 97.7977; 98.0595; 10.45; 31.0885; 13.89; 400; 105.498; flow_1.2; 105.498; 103.298
71.6; 100; 10.33; 32.1275; 105.498; 105.498; 97.7977; 98.0847; 10.39; 32.1275; 13.89; 400; 105.498; flow_1.2; 105.498; 103.298
71.7; 100; 10.27; 33.1605; 105.498; 105.498; 97.7977; 98.1103; 10.33; 33.1605; 13.89; 400; 105.498; flow_1.2; 105.498; 103.298
71.8; 100; 10.22; 34.1875; 105.498; 105.498; 97.7977; 98.1364; 10.27; 34.1875; 13.89; 400; 105.498; flow_1.2; 105.498; 103.298
71.9; 100; 10.17; 35.2095; 105.498; 105.498; 97.7977; 98.1628; 10.22; 35.2095; 13.89; 400; 105.498; flow_1.2; 105.498; 103.298
72; 100; 10.12; 36.2265; 105.498; 105.498; 97.7977; 98.1896; 10.17; 36.2265; 13.89; 400; 105.498; flow_1.2; 105.498; 103.298
72.1; 100; 10.08; 37.2385; 105.498; 105.498; 97.7977; 98.2167; 10.12; 37.2385; 13.89; 400; 105.498; flow_1.2; 105.498; 103.298
72.2; 100; 10.04; 38.2465; 105.498; 105.498; 97.7977; 98.2442; 10.08; 38.2465; 13.89; 400; 105.498; flow_1.2; 105.498; 103.298
72.3; 100; 10; 39.2505; 105.498; 105.498; 97.7977; 98.2719; 10.04; 39.2505; 13.89; 400; 105.498; flow_1.2; 105.498; 103.298
72.4; 100; 9.96; 40.2505; 105.498; 105.498; 97.7977; 98.2999; 10; 40.2505; 13.89; 400; 105.498; flow_1.2; 105.498; 103.298
72.5; 100; 9.93; 41.2465; 105.498; 105.498; 97.7977; 98.3282; 9.96; 41.2465; 13.89; 400; 105.498; flow_1.2; 105.498; 103.298
72.6; 100; 9.9; 42.2395; 105.498; 105.498; 97.7977; 98.3567; 9.93; 42.2395; 13.89; 400; 105.498; flow_1.2; 105.498; 103.298
72.7; 100; 9.87; 43.2295; 105.498; 105.498; 97.7977; 98.3854; 9.9; 43.2295; 13.89; 400; 105.498; flow_0.4; 105.498; 103.298
72.8; 100; 9.84; 44.2165; 105.498; 105.498; 97.7977; 98.4144; 9.87; 44.2165; 13.89; 400; 105.498; flow_0.4; 105.498; 103.298
72.9; 100; 9.81; 45.2005; 105.527; 105.527; 97.7977; 98.4435; 9.84; 45.2005; 13.89; 400; 105.527; flow_0.4; 105.498; 103.327
73; 100; 9.78; 46.1815; 105.527; 105.527; 97.7977; 98.4729; 9.81; 46.1815; 13.89; 400; 105.527; flow_0.4; 105.527; 103.327
73.1; 100; 9.76; 47.1595; 105.527; 105.527; 97.7977; 98.5025; 9.78; 47.1595; 13.89; 400; 105.527; flow_0.4; 105.527; 103.327
73.2; 100; 9.74; 48.1355; 105.527; 105.527; 97.7977; 98.5322; 9.76; 48.1355; 13.89; 400; 105.527; flow_0.4; 105.527; 103.327
73.3; 100; 9.72; 49.1095; 105.527; 105.527; 97.7977; 98.5621; 9.74; 49.1095; 13.89; 400; 105.527; flow_0.4; 105.527; 103.327
73.4; 100; 9.7; 50.0815; 105.527; 105.527; 97.7977; 98.5921; 9.72; 50.0815; 13.89; 400; 105.527; flow_0.4; 105.527; 103.327
73.5; 100; 9.68; 51.0515; 105.527; 105.527; 97.7977; 98.6223; 9.7; 51.0515; 13.89; 400; 105.527; flow_0.4; 105.527; 103.327
73.6; 100; 9.66; 52.0195; 105.527; 105.527; 97.7977; 98.6526; 9.68; 52.0195; 13.89; 400; 105.527; flow_0.4; 105.527; 103.327
73.7; 100; 9.65; 52.9855; 105.527; 105.527; 97.7977; 98.683; 9.66; 52.9855; 13.89; 400; 105.527; flow_0.4; 105.527; 103.327
73.8; 100; 9.64; 53.9505; 105.527; 105.527; 97.7977; 98.7136; 9.65; 53.9505; 13.89; 400; 105.527; flow_0.4; 105.527; 103.327
73.9; 100; 9.63; 54.9145; 105.527; 105.527; 97.7977; 98.7442; 9.64; 54.9145; 13.89; 400; 105.527; flow_0.4; 105.527; 103.327
74; 100; 9.62; 55.8775; 105.527; 105.527; 97.7977; 98.7748; 9.63; 55.8775; 13.89; 400; 105.527; flow_0.4; 105.527; 103.327
74.1; 100; 9.61; 56.8395; 105.527; 105.527; 97.7977; 98.8056; 9.62; 56.8395; 13.89; 400; 105.527; flow_0.4; 105.527; 103.327
74.2; 100; 9.6; 57.8005; 105.527; 105.527; 97.7977; 98.8364; 9.61; 57.8005; 13.89; 400; 105.527; flow_0.4; 105.527; 103.327
74.3; 100; 9.59; 58.7605; 105.527; 105.527; 97.7977; 98.8673; 9.6; 58.7605; 13.89; 400; 105.527; flow_0.4; 105.527; 103.327
74.4; 100; 9.58; 59.7195; 105.527; 105.527; 97.7977; 98.8982; 9.59; 59.7195; 13.89; 400; 105.527; flow_0.4; 105.527; 103.327
74.5; 100; 9.57; 60.6775; 105.527; 105.527; 97.7977; 98.9293; 9.58; 60.6775; 13.89; 400; 105.527; flow_0.4; 105.527; 103.327
74.6; 100; 9.56; 61.6345; 105.527; 105.527; 97.7977; 98.9604; 9.57; 61.6345; 13.89; 400; 105.527; flow_0.4; 105.527; 103.327
74.7; 100; 9.56; 62.5905; 105.527; 105.527; 97.7977; 98.9915; 9.56; 62.5905; 13.89; 400; 105.527; flow_0.4; 105.527; 103.327
74.8; 100; 9.56; 63.5465; 105.527; 105.527; 97.7977; 99.0227; 9.56; 63.5465; 13.89; 400; 105.527; flow_1.3; 105.527; 103.327
74.9; 100; 9.56; 64.5025; 105.527; 105.527; 97.7977; 99.0539; 9.56; 64.5025; 13.89; 400; 105.527; flow_1.3; 105.527; 103.327
75; 100; 9.56; 65.4585; 105.527; 105.527; 97.7977; 99.0851; 9.56; 65.4585; 13.89; 400; 105.527; flow_1.3; 105.527; 103.327
75.1; 100; 9.56; 66.4145; 105.527; 105.527; 97.7977; 99.1162; 9.56; 66.4145; 13.89; 400; 105.527; flow_1.3; 105.527; 103.327
75.2; 100; 9.56; 67.3705; 105.527; 105.527; 97.7977; 99.1474; 9.56; 67.3705; 13.89; 400; 105.527; flow_1.3; 105.527; 103.327
75.3; 100; 9.56; 68.3265; 105.527; 105.527; 97.7977; 99.1786; 9.56; 68.3265; 13.89; 400; 105.527; flow_1.3; 105.527; 103.327
75.4; 100; 9.56; 69.2825; 105.527; 105.527; 97.7977; 99.2098; 9.56; 69.2825; 13.89; 400; 105.527; flow_1.3; 105.527; 103.327
75.5; 100; 9.56; 70.2385; 105.527; 105.527; 97.7977; 99.2409; 9.56; 70.2385; 13.89; 400; 105.527; flow_1.3; 105.527; 103.327
75.6; 100; 9.56; 71.1945; 105.527; 105.527; 97.7977; 99.2721; 9.56; 71.1945; 13.89; 400; 105.527; flow_1.3; 105.527; 103.327
75.7; 100; 9.56; 72.1505; 105.527; 105.527; 97.7977; 99.3033; 9.56; 72.1505; 13.89; 400; 105.527; flow_1.3; 105.527; 103.327
75.8; 100; 9.56; 73.1065; 105.527; 105.527; 97.7977; 99.3345; 9.56; 73.1065; 13.89; 400; 105.527; flow_1.3; 105.527; 103.327
75.9; 100; 9.56; 74.0625; 105.527; 105.527; 97.7977; 99.3656; 9.56; 74.0625; 13.89; 400; 105.527; flow_1.3; 105.527; 103.327
76; 100; 9.56; 75.0185; 105.527; 105.527; 97.7977; 99.3968; 9.56; 75.0185; 13.89; 400; 105.527; flow_1.3; 105.527; 103.327
76.1; 100; 9.56; 75.9745; 105.527; 105.527; 97.7977; 99.428; 9.56; 75.9745; 13.89; 400; 105.527; flow_1.3; 105.527; 103.327
76.2; 100; 9.56; 76.9305; 105.527; 105.527; 97.7977; 99.4591; 9.56; 76.9305; 13.89; 400; 105.527; flow_1.3; 105.527; 103.327
76.3; 100; 9.56; 77.8865; 105.527; 105.527; 97.7977; 99.4903; 9.56; 77.8865; 13.89; 400; 105.527; flow_1.3; 105.527; 103.327
76.4; 100; 9.56; 78.8425; 105.527; 105.527; 97.7977; 99.5215; 9.56; 78.8425; 13.89; 400; 105.527; flow_1.3; 105.527; 103.327
76.5; 100; 9.56; 79.7985; 105.527; 105.527; 97.7977; 99.5527; 9.56; 79.7985; 13.89; 400; 105.527; flow_1.3; 105.527; 103.327
76.6; 100; 9.56; 80.7545; 105.527; 105.527; 97.7977; 99.5838; 9.56; 80.7545; 13.89; 400; 105.527; flow_1.3; 105.527; 103.327
76.7; 100; 9.57; 81.7105; 105.527; 105.527; 97.7977; 99.615; 9.56; 81.7105; 13.89; 400; 105.527; flow_1.3; 105.527; 103.327
76.8; 100; 9.58; 82.6675; 105.527; 105.527; 97.7977; 99.6461; 9.57; 82.6675; 13.89; 400; 105.527; flow_1.3; 105.527; 103.327
76.9; 100; 9.58; 83.6255; 105.527; 105.527; 97.7977; 99.6771; 9.58; 83.6255; 13.89; 400; 105.527; flow_1.3; 105.527; 103.327
77; 100; 9.59; 84.5835; 105.527; 105.527; 97.7977; 99.7082; 9.58; 84.5835; 13.89; 400; 105.527; flow_1.3; 105.527; 103.327
77.1; 100; 9.6; 85.5425; 105.527; 105.527; 97.7977; 99.7391; 9.59; 85.5425; 13.89; 400; 105.527; flow_1.4; 105.527; 103.327
77.2; 100; 9.61; 86.5025; 105.527; 105.527; 97.7977; 99.77; 9.6; 86.5025; 13.89; 400; 105.527; flow_1.4; 105.527; 103.327
77.3; 100; 9.62; 87.4635; 105.527; 105.527; 97.7977; 99.8008; 9.61; 87.4635; 13.89; 400; 105.527; flow_1.4; 105.527; 103.327
77.4; 100; 9.62; 88.4255; 105.527; 105.527; 97.7977; 99.8316; 9.62; 88.4255; 13.89; 400; 105.527; flow_1.4; 105.527; 103.327
77.5; 100; 9.63; 89.3875; 105.527; 105.527; 97.7977; 99.8623; 9.62; 89.3875; 13.89; 400; 105.527; flow_1.4; 105.527; 103.327
77.6; 100; 9.64; 90.3505; 105.527; 105.527; 97.7977; 99.893; 9.63; 90.3505; 13.89; 400; 105.527; flow_1.4; 105.527; 103.327
77.7; 100; 9.65; 91.3145; 105.527; 105.527; 97.7977; 99.9236; 9.64; 91.3145; 13.89; 400; 105.527; flow_1.4; 105.527; 103.327
77.8; 100; 9.66; 92.2795; 105.527; 105.527; 97.7977; 99.9541; 9.65; 92.2795; 13.89; 400; 105.527; flow_1.4; 105.527; 103.327
77.9; 100; 9.66; 93.2455; 105.527; 105.527; 97.7977; 99.9846; 9.66; 93.2455; 13.89; 400; 105.527; flow_1.4; 105.527; 103.327
78; 100; 9.67; 94.2115; 105.527; 105.527; 97.7977; 100.015; 9.66; 94.2115; 13.89; 400; 105.527; flow_1.4; 105.527; 103.327
78.1; 100; 9.68; 95.1785; 105.527; 105.527; 97.7977; 100.045; 9.67; 95.1785; 13.89; 400; 105.527; flow_1.4; 105.527; 103.327
78.2; 100; 9.69; 96.1465; 105.527; 105.527; 97.7977; 100.076; 9.68; 96.1465; 13.89; 400; 105.527; flow_1.4; 105.527; 103.327
78.3; 100; 9.7; 97.1155; 105.527; 105.527; 97.7977; 100.106; 9.69; 97.1155; 13.89; 400; 105.527; flow_1.4; 105.527; 103.327
78.4; 100; 9.71; 98.0855; 105.527; 105.527; 97.7977; 100.136; 9.7; 98.0855; 13.89; 400; 105.527; flow_1.4; 105.527; 103.327
78.5; 100; 9.71; 99.0565; 105.527; 105.527; 97.7977; 100.166; 9.71; 99.0565; 13.89; 400; 105.527; flow_1.4; 105.527; 103.327
78.6; 100; 9.72; 100.028; 105.527; 105.527; 97.7977; 100.196; 9.71; 100.028; 13.89; 400; 105.527; flow_1.4; 105.527; 103.327
78.7; 100; 9.73; 101; 105.527; 105.527; 97.7977; 100.226; 9.72; 101; 13.89; 400; 105.527; flow_1.4; 105.527; 103.327
78.8; 100; 9.74; 101.973; 105.527; 105.527; 97.7977; 100.256; 9.73; 101.973; 13.89; 400; 105.527; flow_1.4; 105.527; 103.327
78.9; 100; 9.75; 102.947; 105.527; 105.527; 97.7977; 100.286; 9.74; 102.947; 13.89; 400; 105.527; flow_1.4; 105.527; 103.327
79; 100; 9.75; 103.922; 105.527; 105.527; 97.7977; 100.316; 9.75; 103.922; 13.89; 400; 105.527; flow_1.4; 105.527; 103.327
79.1; 100; 9.76; 104.897; 105.527; 105.527; 97.7977; 100.346; 9.75; 104.897; 13.89; 400; 105.527; flow_1.4; 105.527; 103.327
79.2; 100; 9.77; 105.873; 105.527; 105.527; 97.7977; 100.375; 9.76; 105.873; 13.89; 400; 105.527; flow_1.4; 105.527; 103.327
79.3; 100; 9.78; 106.85; 105.527; 105.527; 97.7977; 100.405; 9.77; 106.85; 13.89; 400; 105.527; flow_1.5; 105.527; 103.327
79.4; 100; 9.79; 107.828; 105.527; 105.527; 97.7977; 100.435; 9.78; 107.828; 13.89; 400; 105.527; flow_1.5; 105.527; 103.327
79.5; 100; 9.8; 108.807; 105.527; 105.527; 97.7977; 100.464; 9.79; 108.807; 13.89; 400; 105.527; flow_1.5; 105.527; 103.327
79.6; 100; 9.8; 109.786; 105.527; 105.527; 97.7977; 100.494; 9.8; 109.786; 13.89; 400; 105.527; flow_1.5; 105.527; 103.327
79.7; 100; 9.81; 110.767; 105.527; 105.527; 97.7977; 100.523; 9.8; 110.767; 13.89; 400; 105.527; flow_1.5; 105.527; 103.327
79.8; 100; 9.82; 111.748; 105.527; 105.527; 97.7977; 100.553; 9.81; 111.748; 13.89; 400; 105.527; flow_1.5; 105.527; 103.327
79.9; 100; 9.83; 112.729; 105.527; 105.527; 97.7977; 100.582; 9.82; 112.729; 13.89; 400; 105.527; flow_1.5; 105.527; 103.327
80; 100; 9.84; 113.713; 105.527; 105.527; 97.7977; 100.611; 9.83; 113.713; 13.89; 400; 105.527; flow_1.5; 105.527; 103.327
80.1; 100; 9.85; 114.697; 105.527; 105.527; 97.7977; 100.64; 9.84; 114.697; 13.89; 400; 105.527; flow_1.5; 105.527; 103.327
80.2; 100; 9.85; 115.682; 105.527; 105.527; 97.7977; 100.669; 9.85; 115.682; 13.89; 400; 105.527; flow_1.5; 105.527; 103.327
80.3; 100; 9.86; 116.667; 105.527; 105.527; 97.7977; 100.698; 9.85; 116.667; 13.89; 400; 105.527; flow_1.5; 105.527; 103.327
80.4; 100; 9.87; 117.653; 105.527; 105.527; 97.7977; 100.727; 9.86; 117.653; 13.89; 400; 105.527; flow_1.5; 105.527; 103.327
80.5; 100; 9.88; 118.64; 105.527; 105.527; 97.7977; 100.756; 9.87; 118.64; 13.89; 400; 105.527; flow_1.5; 105.527; 103.327
80.6; 100; 9.89; 119.628; 105.527; 105.527; 97.7977; 100.785; 9.88; 119.628; 13.89; 400; 105.527; flow_1.5; 105.527; 103.327
80.7; 100; 9.9; 120.617; 105.527; 105.527; 97.7977; 100.814; 9.89; 120.617; 13.89; 400; 105.527; flow_1.5; 105.527; 103.327
80.8; 100; 9.91; 121.607; 105.527; 105.527; 97.7977; 100.843; 9.9; 121.607; 13.89; 400; 105.527; flow_1.5; 105.527; 103.327
80.9; 100; 9.91; 122.598; 105.527; 105.527; 97.7977; 100.871; 9.91; 122.598; 13.89; 400; 105.527; flow_1.5; 105.527; 103.327
81; 100; 9.92; 123.589; 105.527; 105.527; 97.7977; 100.9; 9.91; 123.589; 13.89; 400; 105.527; flow_1.5; 105.527; 103.327
81.1; 100; 9.93; 124.581; 105.527; 105.527; 97.7977; 100.929; 9.92; 124.581; 13.89; 400; 105.527; flow_1.5; 105.527; 103.327
81.2; 100; 9.94; 125.573; 105.527; 105.527; 97.7977; 100.957; 9.93; 125.573; 13.89; 400; 105.527; flow_1.5; 105.527; 103.327
81.3; 100; 9.95; 126.568; 105.527; 105.527; 97.7977; 100.986; 9.94; 126.568; 13.89; 400; 105.527; flow_1.5; 105.527; 103.327
81.4; 100; 9.96; 127.562; 105.527; 105.527; 97.7977; 101.014; 9.95; 127.562; 13.89; 400; 105.527; flow_1.5; 105.527; 103.327
81.5; 100; 9.97; 128.559; 105.527; 105.527; 97.7977; 101.042; 9.96; 128.559; 13.89; 400; 105.527; flow_0.5; 105.527; 103.327
81.6; 100; 9.97; 129.556; 105.527; 105.527; 97.7977; 101.07; 9.97; 129.556; 13.89; 400; 105.527; flow_0.5; 105.527; 103.327
81.7; 100; 9.98; 130.552; 105.527; 105.527; 97.7977; 101.099; 9.97; 130.552; 13.89; 400; 105.527; flow_0.5; 105.527; 103.327
81.8; 100; 9.99; 131.551; 105.527; 105.527; 97.7977; 101.127; 9.98; 131.551; 13.89; 400; 105.527; flow_0.5; 105.527; 103.327
81.9; 100; 10; 132.549; 105.527; 105.527; 97.7977; 101.155; 9.99; 132.549; 13.89; 400; 105.527; flow_0.5; 105.527; 103.327
82; 100; 10.01; 133.549; 105.527; 105.527; 97.7977; 101.183; 10; 133.549; 13.89; 400; 105.527; flow_0.5; 105.527; 103.327
82.1; 100; 10.02; 134.551; 105.527; 105.527; 97.7977; 101.211; 10.01; 134.551; 13.89; 400; 105.527; flow_0.5; 105.527; 103.327
82.2; 100; 10.03; 135.552; 105.527; 105.527; 97.7977; 101.239; 10.02; 135.552; 13.89; 400; 105.527; flow_0.5; 105.527; 103.327
82.3; 100; 10.04; 136.556; 105.527; 105.527; 97.7977; 101.266; 10.03; 136.556; 13.89; 400; 105.527; flow_0.5; 105.527; 103.327
82.4; 100; 10.04; 137.56; 105.527; 105.527; 97.7977; 101.294; 10.04; 137.56; 13.89; 400; 105.527; flow_0.5; 105.527; 103.327
82.5; 100; 10.05; 138.564; 105.527; 105.527; 97.7977; 101.322; 10.04; 138.564; 13.89; 400; 105.527; flow_0.5; 105.527; 103.327
82.6; 100; 10.06; 139.569; 105.527; 105.527; 97.7977; 101.35; 10.05; 139.569; 13.89; 400; 105.527; flow_0.5; 105.527; 103.327
82.7; 100; 10.07; 140.575; 105.527; 105.527; 97.7977; 101.377; 10.06; 140.575; 13.89; 400; 105.527; flow_0.5; 105.527; 103.327
82.8; 100; 10.08; 141.582; 105.527; 105.527; 97.7977; 101.405; 10.07; 141.582; 13.89; 400; 105.527; flow_0.5; 105.527; 103.327
82.9; 100; 10.09; 142.59; 105.527; 105.527; 97.7977; 101.432; 10.08; 142.59; 13.89; 400; 105.527; flow_0.5; 105.527; 103.327
83; 100; 10.1; 143.599; 105.527; 105.527; 97.7977; 101.459; 10.09; 143.599; 13.89; 400; 105.527; flow_0.5; 105.527; 103.327
83.1; 100; 10.11; 144.609; 105.527; 105.527; 97.7977; 101.487; 10.1; 144.609; 13.89; 400; 105.527; flow_0.5; 105.527; 103.327
83.2; 100; 10.11; 145.62; 105.527; 105.527; 97.7977; 101.514; 10.11; 145.62; 13.89; 400; 105.527; flow_0.5; 105.527; 103.327
83.3; 100; 10.12; 146.63; 105.527; 105.527; 97.7977; 101.541; 10.11; 146.63; 13.89; 400; 105.527; flow_0.5; 105.527; 103.327
83.4; 100; 10.13; 147.643; 105.527; 105.527; 97.7977; 101.568; 10.12; 147.643; 13.89; 400; 105.527; flow_0.5; 105.527; 103.327
83.5; 100; 10.14; 148.656; 105.527; 105.527; 97.7977; 101.595; 10.13; 148.656; 13.89; 400; 105.527; flow_0.5; 105.527; 103.327
83.6; 100; 10.15; 149.669; 105.527; 105.527; 97.7977; 101.622; 10.14; 149.669; 13.89; 400; 105.527; flow_0.6; 105.527; 103.327
83.7; 100; 10.16; 150.685; 105.527; 105.527; 97.7977; 101.649; 10.15; 150.685; 13.89; 400; 105.527; flow_0.6; 105.527; 103.327
83.8; 100; 10.17; 151.701; 105.527; 105.527; 97.7977; 101.676; 10.16; 151.701; 13.89; 400; 105.527; flow_0.6; 105.527; 103.327
83.9; 100; 10.18; 152.718; 105.527; 105.527; 97.7977; 101.703; 10.17; 152.718; 13.89; 400; 105.527; flow_0.6; 105.527; 103.327
84; 100; 10.19; 153.736; 105.527; 105.527; 97.7977; 101.73; 10.18; 153.736; 13.89; 400; 105.527; flow_0.6; 105.527; 103.327
84.1; 100; 10.2; 154.755; 105.527; 105.527; 97.7977; 101.756; 10.19; 154.755; 13.89; 400; 105.527; flow_0.6; 105.527; 103.327
84.2; 100; 10.2; 155.775; 105.527; 105.527; 97.7977; 101.783; 10.2; 155.775; 13.89; 400; 105.527; flow_0.6; 105.527; 103.327
84.3; 100; 10.21; 156.794; 105.527; 105.527; 97.7977; 101.809; 10.2; 156.794; 13.89; 400; 105.527; flow_0.6; 105.527; 103.327
84.4; 100; 10.22; 157.815; 105.527; 105.527; 97.7977; 101.836; 10.21; 157.815; 13.89; 400; 105.527; flow_0.6; 105.527; 103.327
84.5; 100; 10.23; 158.838; 105.527; 105.527; 97.7977; 101.862; 10.22; 158.838; 13.89; 400; 105.527; flow_0.6; 105.527; 103.327
84.6; 100; 10.24; 159.861; 105.527; 105.527; 97.7977; 101.889; 10.23; 159.861; 13.89; 400; 105.527; flow_0.6; 105.527; 103.327
84.7; 100; 10.25; 160.885; 105.527; 105.527; 97.7977; 101.915; 10.24; 160.885; 13.89; 400; 105.527; flow_0.6; 105.527; 103.327
84.8; 100; 10.26; 161.909; 105.527; 105.527; 97.7977; 101.941; 10.25; 161.909; 13.89; 400; 105.527; flow_0.6; 105.527; 103.327
84.9; 100; 10.27; 162.935; 105.527; 105.527; 97.7977; 101.967; 10.26; 162.935; 13.89; 400; 105.527; flow_0.6; 105.527; 103.327
85; 100; 10.28; 163.963; 105.527; 105.527; 97.7977; 101.993; 10.27; 163.963; 13.89; 400; 105.527; flow_0.6; 105.527; 103.327
85.1; 100; 10.29; 164.991; 105.527; 105.527; 97.7977; 102.019; 10.28; 164.991; 13.89; 400; 105.527; flow_0.6; 105.527; 103.327
85.2; 100; 10.3; 166.02; 105.527; 105.527; 97.7977; 102.045; 10.29; 166.02; 13.89; 400; 105.527; flow_0.6; 105.527; 103.327
85.3; 100; 10.31; 167.049; 105.527; 105.527; 97.7977; 102.071; 10.3; 167.049; 13.89; 400; 105.527; flow_0.6; 105.527; 103.327
85.4; 100; 10.32; 168.081; 105.527; 105.527; 97.7977; 102.097; 10.31; 168.081; 13.89; 400; 105.527; flow_0.6; 105.527; 103.327
85.5; 100; 10.32; 169.112; 105.527; 105.527; 97.7977; 102.123; 10.32; 169.112; 13.89; 400; 105.527; flow_0.6; 105.527; 103.327
85.6; 100; 10.33; 170.145; 105.527; 105.527; 97.7977; 102.148; 10.32; 170.145; 13.89; 400; 105.527; flow_0.6; 105.527; 103.327
85.7; 100; 10.34; 171.177; 105.527; 105.527; 97.7977; 102.174; 10.33; 171.177; 13.89; 400; 105.527; flow_0.6; 105.527; 103.327
85.8; 100; 10.35; 172.211; 105.527; 105.527; 97.7977; 102.199; 10.34; 172.211; 13.89; 400; 105.527; flow_0.7; 105.527; 103.327
85.9; 100; 10.36; 173.247; 105.527; 105.527; 97.7977; 102.225; 10.35; 173.247; 13.89; 400; 105.527; flow_0.7; 105.527; 103.327
86; 100; 10.37; 174.283; 105.527; 105.527; 97.7977; 102.25; 10.36; 174.283; 13.89; 400; 105.527; flow_0.7; 105.527; 103.327
86.1; 100; 10.38; 175.32; 105.527; 105.527; 97.7977; 102.276; 10.37; 175.32; 13.89; 400; 105.527; flow_0.7; 105.527; 103.327
86.2; 100; 10.39; 176.357; 105.527; 105.527; 97.7977; 102.301; 10.38; 176.357; 13.89; 400; 105.527; flow_0.7; 105.527; 103.327
86.3; 100; 10.4; 177.396; 105.527; 105.527; 97.7977; 102.326; 10.39; 177.396; 13.89; 400; 105.527; flow_0.7; 105.527; 103.327
86.4; 100; 10.41; 178.437; 105.527; 105.527; 97.7977; 102.351; 10.4; 178.437; 13.89; 400; 105.527; flow_0.7; 105.527; 103.327
86.5; 100; 10.42; 179.478; 105.527; 105.527; 97.7977; 102.376; 10.41; 179.478; 13.89; 400; 105.527; flow_0.7; 105.527; 103.327
86.6; 100; 10.43; 180.52; 105.527; 105.527; 97.7977; 102.401; 10.42; 180.52; 13.89; 400; 105.527; flow_0.7; 105.527; 103.327
86.7; 100; 10.44; 181.562; 105.527; 105.527; 97.7977; 102.426; 10.43; 181.562; 13.89; 400; 105.527; flow_0.7; 105.527; 103.327
86.8; 100; 10.45; 182.607; 105.527; 105.527; 97.7977; 102.451; 10.44; 182.607; 13.89; 400; 105.527; flow_0.7; 105.527; 103.327
86.9; 100; 10.46; 183.651; 105.527; 105.527; 97.7977; 102.476; 10.45; 183.651; 13.89; 400; 105.527; flow_0.7; 105.527; 103.327
87; 100; 10.47; 184.698; 105.527; 105.527; 97.7977; 102.501; 10.46; 184.698; 13.89; 400; 105.527; flow_0.7; 105.527; 103.327
87.1; 100; 10.48; 185.745; 105.527; 105.527; 97.7977; 102.525; 10.47; 185.745; 13.89; 400; 105.527; flow_0.7; 105.527; 103.327
87.2; 100; 10.49; 186.793; 105.527; 105.527; 97.7977; 102.55; 10.48; 186.793; 13.89; 400; 105.527; flow_0.7; 105.527; 103.327
87.3; 100; 10.5; 187.841; 105.527; 105.527; 97.7977; 102.574; 10.49; 187.841; 13.89; 400; 105.527; flow_0.7; 105.527; 103.327
87.4; 100; 10.51; 188.892; 105.527; 105.527; 97.7977; 102.599; 10.5; 188.892; 13.89; 400; 105.527; flow_0.7; 105.527; 103.327
87.5; 100; 10.52; 189.943; 105.527; 105.527; 97.7977; 102.623; 10.51; 189.943; 13.89; 400; 105.527; flow_0.7; 105.527; 103.327
87.6; 100; 10.53; 190.995; 105.527; 105.527; 97.7977; 102.647; 10.52; 190.995; 13.89; 400; 105.527; flow_0.7; 105.527; 103.327
87.7; 100; 10.54; 192.047; 105.527; 105.527; 97.7977; 102.671; 10.53; 192.047; 13.89; 400; 105.527; flow_0.7; 105.527; 103.327
87.8; 100; 10.55; 193.102; 105.527; 105.527; 97.7977; 102.696; 10.54; 193.102; 13.89; 400; 105.527; flow_0.7; 105.527; 103.327
87.9; 100; 10.56; 194.156; 105.527; 105.527; 97.7977; 102.72; 10.55; 194.156; 13.89; 400; 105.527; flow_0.7; 105.527; 103.327
88; 100; 10.57; 195.213; 105.527; 105.527; 97.7977; 102.744; 10.56; 195.213; 13.89; 400; 105.527; flow_1.6; 105.527; 103.327
88.1; 100; 10.58; 196.27; 105.527; 105.527; 97.7977; 102.767; 10.57; 196.27; 13.89; 400; 105.527; flow_1.6; 105.527; 103.327
88.2; 100; 10.59; 197.328; 105.527; 105.527; 97.7977; 102.791; 10.58; 197.328; 13.89; 400; 105.527; flow_1.6; 105.527; 103.327
88.3; 100; 10.6; 198.387; 105.527; 105.527; 97.7977; 102.815; 10.59; 198.387; 13.89; 400; 105.527; flow_1.6; 105.527; 103.327
88.4; 100; 10.61; 199.447; 105.527; 105.527; 97.7977; 102.839; 10.6; 199.447; 13.89; 400; 105.527; flow_1.6; 105.527; 103.327
88.5; 100; 10.62; 200.508; 105.527; 105.527; 97.7977; 102.862; 10.61; 200.508; 13.89; 400; 105.527; flow_1.6; 105.527; 103.327
88.6; 100; 10.63; 201.57; 105.527; 105.527; 97.7977; 102.886; 10.62; 201.57; 13.89; 400; 105.527; flow_1.6; 105.527; 103.327
88.7; 100; 10.64; 202.633; 105.527; 105.527; 97.7977; 102.909; 10.63; 202.633; 13.89; 400; 105.527; flow_1.6; 105.527; 103.327
88.8; 100; 10.65; 203.697; 105.527; 105.527; 97.7977; 102.933; 10.64; 203.697; 13.89; 400; 105.527; flow_1.6; 105.527; 103.327
88.9; 100; 10.66; 204.762; 105.527; 105.527; 97.7977; 102.956; 10.65; 204.762; 13.89; 400; 105.527; flow_1.6; 105.527; 103.327
89; 100; 10.67; 205.828; 105.527; 105.527; 97.7977; 102.979; 10.66; 205.828; 13.89; 400; 105.527; flow_1.6; 105.527; 103.327
89.1; 100; 10.68; 206.895; 105.527; 105.527; 97.7977; 103.002; 10.67; 206.895; 13.89; 400; 105.527; flow_1.6; 105.527; 103.327
89.2; 100; 10.69; 207.963; 105.527; 105.527; 97.7977; 103.026; 10.68; 207.963; 13.89; 400; 105.527; flow_1.6; 105.527; 103.327
89.3; 100; 10.7; 209.031; 105.527; 105.527; 97.7977; 103.049; 10.69; 209.031; 13.89; 400; 105.527; flow_1.6; 105.527; 103.327
89.4; 100; 10.71; 210.102; 105.527; 105.527; 97.7977; 103.072; 10.7; 210.102; 13.89; 400; 105.527; flow_1.6; 105.527; 103.327
89.5; 100; 10.72; 211.172; 105.527; 105.527; 97.7977; 103.094; 10.71; 211.172; 13.89; 400; 105.527; flow_1.6; 105.527; 103.327
89.6; 100; 10.73; 212.245; 105.527; 105.527; 97.7977; 103.117; 10.72; 212.245; 13.89; 400; 105.527; flow_1.6; 105.527; 103.327
89.7; 100; 10.74; 213.318; 105.527; 105.527; 97.7977; 103.14; 10.73; 213.318; 13.89; 400; 105.527; flow_1.6; 105.527; 103.327
89.8; 100; 10.75; 214.392; 105.527; 105.527; 97.7977; 103.163; 10.74; 214.392; 13.89; 400; 105.527; flow_1.6; 105.527; 103.327
89.9; 100; 10.76; 215.466; 105.527; 105.527; 97.7977; 103.185; 10.75; 215.466; 13.89; 400; 105.527; flow_1.6; 105.527; 103.327
90; 100; 10.77; 216.543; 105.527; 105.527; 97.7977; 103.208; 10.76; 216.543; 13.89; 400; 105.527; flow_1.6; 105.527; 103.327
90.1; 100; 10.78; 217.62; 105.527; 105.527; 97.7977; 103.23; 10.77; 217.62; 13.89; 400; 105.527; flow_1.6; 105.527; 103.327
90.2; 100; 10.79; 218.698; 105.527; 105.527; 97.7977; 103.253; 10.78; 218.698; 13.89; 400; 105.527; flow_1.6; 105.527; 103.327
90.3; 100; 10.8; 219.776; 105.527; 105.527; 97.7977; 103.275; 10.79; 219.776; 13.89; 400; 105.527; flow_0.8; 105.527; 103.327
90.4; 100; 10.81; 220.857; 105.527; 105.527; 97.7977; 103.297; 10.8; 220.857; 13.89; 400; 105.527; flow_0.8; 105.527; 103.327
90.5; 100; 10.82; 221.938; 105.527; 105.527; 97.7977; 103.319; 10.81; 221.938; 13.89; 400; 105.527; flow_0.8; 105.527; 103.327
90.6; 100; 10.83; 223.02; 105.527; 105.527; 97.7977; 103.342; 10.82; 223.02; 13.89; 400; 105.527; flow_0.8; 105.527; 103.327
90.7; 100; 10.84; 224.103; 105.527; 105.527; 97.7977; 103.364; 10.83; 224.103; 13.89; 400; 105.527; flow_0.8; 105.527; 103.327
90.8; 100; 10.85; 225.187; 105.527; 105.527; 97.7977; 103.386; 10.84; 225.187; 13.89; 400; 105.527; flow_0.8; 105.527; 103.327
90.9; 100; 10.86; 226.271; 105.527; 105.527; 97.7977; 103.407; 10.85; 226.271; 13.89; 400; 105.527; flow_0.8; 105.527; 103.327
91; 100; 10.87; 227.357; 105.527; 105.527; 97.7977; 103.429; 10.86; 227.357; 13.89; 400; 105.527; flow_0.8; 105.527; 103.327
91.1; 100; 10.88; 228.445; 105.527; 105.527; 97.7977; 103.451; 10.87; 228.445; 13.89; 400; 105.527; flow_0.8; 105.527; 103.327
91.2; 100; 10.89; 229.533; 105.527; 105.527; 97.7977; 103.473; 10.88; 229.533; 13.89; 400; 105.527; flow_0.8; 105.527; 103.327
91.3; 100; 10.9; 230.622; 105.527; 105.527; 97.7977; 103.494; 10.89; 230.622; 13.89; 400; 105.527; flow_0.8; 105.527; 103.327
91.4; 100; 10.91; 231.711; 105.527; 105.527; 97.7977; 103.516; 10.9; 231.711; 13.89; 400; 105.527; flow_0.8; 105.527; 103.327
91.5; 100; 10.92; 232.802; 105.527; 105.527; 97.7977; 103.537; 10.91; 232.802; 13.89; 400; 105.527; flow_0.8; 105.527; 103.327
91.6; 100; 10.93; 233.895; 105.527; 105.527; 97.7977; 103.559; 10.92; 233.895; 13.89; 400; 105.527; flow_0.8; 105.527; 103.327
91.7; 100; 10.94; 234.987; 105.527; 105.527; 97.7977; 103.58; 10.93; 234.987; 13.89; 400; 105.527; flow_0.8; 105.527; 103.327
91.8; 100; 10.95; 236.082; 105.527; 105.527; 97.7977; 103.601; 10.94; 236.082; 13.89; 400; 105.527; flow_0.8; 105.527; 103.327
91.9; 100; 10.96; 237.177; 105.527; 105.527; 97.7977; 103.622; 10.95; 237.177; 13.89; 400; 105.527; flow_0.8; 105.527; 103.327
92; 100; 10.97; 238.273; 105.527; 105.527; 97.7977; 103.643; 10.96; 238.273; 13.89; 400; 105.527; flow_0.8; 105.527; 103.327
92.1; 100; 10.98; 239.37; 105.527; 105.527; 97.7977; 103.664; 10.97; 239.37; 13.89; 400; 105.527; flow_0.8; 105.527; 103.327
92.2; 100; 10.99; 240.468; 105.527; 105.527; 97.7977; 103.685; 10.98; 240.468; 13.89; 400; 105.527; flow_0.8; 105.527; 103.327
92.3; 100; 11; 241.567; 105.527; 105.527; 97.7977; 103.706; 10.99; 241.567; 13.89; 400; 105.527; flow_0.8; 105.527; 103.327
92.4; 100; 11.01; 242.667; 105.527; 105.527; 97.7977; 103.727; 11; 242.667; 13.89; 400; 105.527; flow_0.9; 105.527; 103.327
92.5; 100; 11.02; 243.768; 105.527; 105.527; 97.7977; 103.748; 11.01; 243.768; 13.89; 400; 105.527; flow_0.9; 105.527; 103.327
92.6; 100; 11.03; 244.87; 105.527; 105.527; 97.7977; 103.769; 11.02; 244.87; 13.89; 400; 105.527; flow_0.9; 105.527; 103.327
92.7; 100; 11.04; 245.973; 105.527; 105.527; 97.7977; 103.789; 11.03; 245.973; 13.89; 400; 105.527; flow_0.9; 105.527; 103.327
92.8; 100; 11.05; 247.077; 105.527; 105.527; 97.7977; 103.81; 11.04; 247.077; 13.89; 400; 105.527; flow_0.9; 105.527; 103.327
92.9; 100; 11.06; 248.182; 105.527; 105.527; 97.7977; 103.83; 11.05; 248.182; 13.89; 400; 105.527; flow_0.9; 105.527; 103.327
93; 100; 11.07; 249.288; 105.527; 105.527; 97.7977; 103.85; 11.06; 249.288; 13.89; 400; 105.527; flow_0.9; 105.527; 103.327
93.1; 100; 11.08; 250.395; 105.527; 105.527; 97.7977; 103.871; 11.07; 250.395; 13.89; 400; 105.527; flow_0.9; 105.527; 103.327
93.2; 100; 11.09; 251.503; 105.527; 105.527; 97.7977; 103.891; 11.08; 251.503; 13.89; 400; 105.527; flow_0.9; 105.527; 103.327
93.3; 100; 11.1; 252.612; 105.527; 105.527; 97.7977; 103.911; 11.09; 252.612; 13.89; 400; 105.527; flow_0.9; 105.527; 103.327
93.4; 100; 11.11; 253.721; 105.527; 105.527; 97.7977; 103.931; 11.1; 253.721; 13.89; 400; 105.527; flow_0.9; 105.527; 103.327
93.5; 100; 11.12; 254.833; 105.527; 105.527; 97.7977; 103.951; 11.11; 254.833; 13.89; 400; 105.527; flow_0.9; 105.527; 103.327
93.6; 100; 11.13; 255.945; 105.527; 105.527; 97.7977; 103.971; 11.12; 255.945; 13.89; 400; 105.527; flow_0.9; 105.527; 103.327
93.7; 100; 11.14; 257.057; 105.527; 105.527; 97.7977; 103.991; 11.13; 257.057; 13.89; 400; 105.527; flow_0.9; 105.527; 103.327
93.8; 100; 11.15; 258.172; 105.527; 105.527; 97.7977; 104.011; 11.14; 258.172; 13.89; 400; 105.527; flow_0.9; 105.527; 103.327
93.9; 100; 11.16; 259.286; 105.527; 105.527; 97.7977; 104.031; 11.15; 259.286; 13.89; 400; 105.527; flow_0.9; 105.527; 103.327
94; 100; 11.18; 260.403; 105.527; 105.527; 97.7977; 104.05; 11.16; 260.403; 13.89; 400; 105.527; flow_0.9; 105.527; 103.327
94.1; 100; 11.19; 261.521; 105.527; 105.527; 97.7977; 104.07; 11.18; 261.521; 13.89; 400; 105.527; flow_0.9; 105.527; 103.327
94.2; 100; 11.2; 262.64; 105.527; 105.527; 97.7977; 104.089; 11.19; 262.64; 13.89; 400; 105.527; flow_0.9; 105.527; 103.327
94.3; 100; 11.22; 263.76; 105.527; 105.527; 97.7977; 104.109; 11.2; 263.76; 13.89; 400; 105.527; flow_0.9; 105.527; 103.327
94.4; 100; 11.23; 264.882; 105.527; 105.527; 97.7977; 104.128; 11.22; 264.882; 13.89; 400; 105.527; flow_0.9; 105.527; 103.327
94.5; 100; 11.24; 266.005; 105.527; 105.527; 97.7977; 104.147; 11.23; 266.005; 13.89; 400; 105.527; flow_0.9; 105.527; 103.327
94.6; 100; 11.26; 267.129; 105.527; 105.527; 97.7977; 104.166; 11.24; 267.129; 13.89; 400; 105.527; flow_1.7; 105.527; 103.327
94.7; 100; 11.27; 268.255; 105.527; 105.527; 97.7977; 104.185; 11.26; 268.255; 13.89; 400; 105.527; flow_1.7; 105.527; 103.327
94.8; 100; 11.28; 269.382; 105.527; 105.527; 97.7977; 104.204; 11.27; 269.382; 13.89; 400; 105.527; flow_1.7; 105.527; 103.327
94.9; 100; 11.3; 270.51; 105.527; 105.527; 97.7977; 104.223; 11.28; 270.51; 13.89; 400; 105.527; flow_1.7; 105.527; 103.327
95; 100; 11.31; 271.64; 105.527; 105.527; 97.7977; 104.241; 11.3; 271.64; 13.89; 400; 105.527; flow_1.7; 105.527; 103.327
95.1; 100; 11.32; 272.771; 105.527; 105.527; 97.7977; 104.26; 11.31; 272.771; 13.89; 400; 105.527; flow_1.7; 105.527; 103.327
95.2; 100; 11.34; 273.903; 105.527; 105.527; 97.7977; 104.278; 11.32; 273.903; 13.89; 400; 105.527; flow_1.7; 105.527; 103.327
95.3; 100; 11.35; 275.036; 105.527; 105.527; 97.7977; 104.297; 11.34; 275.036; 13.89; 400; 105.527; flow_1.7; 105.527; 103.327
95.4; 100; 11.36; 276.172; 105.527; 105.527; 97.7977; 104.315; 11.35; 276.172; 13.89; 400; 105.527; flow_1.7; 105.527; 103.327
95.5; 100; 11.38; 277.307; 105.527; 105.527; 97.7977; 104.333; 11.36; 277.307; 13.89; 400; 105.527; flow_1.7; 105.527; 103.327
95.6; 100; 11.39; 278.445; 105.527; 105.527; 97.7977; 104.351; 11.38; 278.445; 13.89; 400; 105.527; flow_1.7; 105.527; 103.327
95.7; 100; 11.41; 279.585; 105.527; 105.527; 97.7977; 104.369; 11.39; 279.585; 13.89; 400; 105.527; flow_1.7; 105.527; 103.327
95.8; 100; 11.42; 280.726; 105.527; 105.527; 97.7977; 104.387; 11.41; 280.726; 13.89; 400; 105.527; flow_1.7; 105.527; 103.327
95.9; 100; 11.43; 281.867; 105.527; 105.527; 97.7977; 104.405; 11.42; 281.867; 13.89; 400; 105.527; flow_1.7; 105.527; 103.327
96; 100; 11.45; 283.01; 105.527; 105.527; 97.7977; 104.423; 11.43; 283.01; 13.89; 400; 105.527; flow_1.7; 105.527; 103.327
96.1; 100; 11.46; 284.156; 105.527; 105.527; 97.7977; 104.44; 11.45; 284.156; 13.89; 400; 105.527; flow_1.7; 105.527; 103.327
96.2; 100; 11.48; 285.302; 105.527; 105.527; 97.7977; 104.458; 11.46; 285.302; 13.89; 400; 105.527; flow_1.7; 105.527; 103.327
96.3; 100; 11.49; 286.45; 105.527; 105.527; 97.7977; 104.475; 11.48; 286.45; 13.89; 400; 105.527; flow_1.7; 105.527; 103.327
96.4; 100; 11.51; 287.599; 105.527; 105.527; 97.7977; 104.492; 11.49; 287.599; 13.89; 400; 105.527; flow_1.7; 105.527; 103.327
96.5; 100; 11.52; 288.75; 105.527; 105.527; 97.7977; 104.509; 11.51; 288.75; 13.89; 400; 105.527; flow_1.7; 105.527; 103.327
96.6; 100; 11.53; 289.901; 105.527; 105.527; 97.7977; 104.526; 11.52; 289.901; 13.89; 400; 105.527; flow_1.7; 105.527; 103.327
96.7; 100; 11.55; 291.055; 105.527; 105.527; 97.7977; 104.543; 11.53; 291.055; 13.89; 400; 105.527; flow_1.7; 105.527; 103.327
96.8; 100; 11.56; 292.21; 105.527; 105.527; 97.7977; 104.56; 11.55; 292.21; 13.89; 400; 105.527; flow_1.7; 105.527; 103.327
96.9; 100; 11.58; 293.366; 105.527; 105.527; 97.7977; 104.577; 11.56; 293.366; 13.89; 400; 105.527; flow_1.8; 105.527; 103.327
97; 100; 11.59; 294.523; 105.527; 105.527; 97.7977; 104.594; 11.58; 294.523; 13.89; 400; 105.527; flow_1.8; 105.527; 103.327
97.1; 100; 11.61; 295.682; 105.527; 105.527; 97.7977; 104.61; 11.59; 295.682; 13.89; 400; 105.527; flow_1.8; 105.527; 103.327
97.2; 100; 11.62; 296.844; 105.527; 105.527; 97.7977; 104.627; 11.61; 296.844; 13.89; 400; 105.527; flow_1.8; 105.527; 103.327
97.3; 100; 11.64; 298.005; 105.527; 105.527; 97.7977; 104.643; 11.62; 298.005; 13.89; 400; 105.527; flow_1.8; 105.527; 103.327
97.4; 100; 11.65; 299.169; 105.527; 105.527; 97.7977; 104.659; 11.64; 299.169; 13.89; 400; 105.527; flow_1.8; 105.527; 103.327
97.5; 100; 11.67; 300.335; 105.527; 105.527; 97.7977; 104.675; 11.65; 300.335; 13.89; 400; 105.527; flow_1.8; 105.527; 103.327
97.6; 100; 11.68; 301.502; 105.527; 105.527; 97.7977; 104.691; 11.67; 301.502; 13.89; 400; 105.527; flow_1.8; 105.527; 103.327
97.7; 100; 11.7; 302.669; 105.527; 105.527; 97.7977; 104.707; 11.68; 302.669; 13.89; 400; 105.527; flow_1.8; 105.527; 103.327
97.8; 100; 11.71; 303.84; 105.527; 105.527; 97.7977; 104.723; 11.7; 303.84; 13.89; 400; 105.527; flow_1.8; 105.527; 103.327
97.9; 100; 11.73; 305.01; 105.527; 105.527; 97.7977; 104.739; 11.71; 305.01; 13.89; 400; 105.527; flow_1.8; 105.527; 103.327
98; 100; 11.74; 306.184; 105.527; 105.527; 97.7977; 104.754; 11.73; 306.184; 13.89; 400; 105.527; flow_1.8; 105.527; 103.327
98.1; 100; 11.76; 307.357; 105.527; 105.527; 97.7977; 104.77; 11.74; 307.357; 13.89; 400; 105.527; flow_1.8; 105.527; 103.327
98.2; 100; 11.78; 308.534; 105.527; 105.527; 97.7977; 104.785; 11.76; 308.534; 13.89; 400; 105.527; flow_1.8; 105.527; 103.327
98.3; 100; 11.79; 309.711; 105.527; 105.527; 97.7977; 104.8; 11.78; 309.711; 13.89; 400; 105.527; flow_1.8; 105.527; 103.327
98.4; 100; 11.81; 310.891; 105.527; 105.527; 97.7977; 104.815; 11.79; 310.891; 13.89; 400; 105.527; flow_1.8; 105.527; 103.327
98.5; 100; 11.82; 312.072; 105.527; 105.527; 97.7977; 104.83; 11.81; 312.072; 13.89; 400; 105.527; flow_1.8; 105.527; 103.327
98.6; 100; 11.84; 313.254; 105.527; 105.527; 97.7977; 104.845; 11.82; 313.254; 13.89; 400; 105.527; flow_1.8; 105.527; 103.327
98.7; 100; 11.85; 314.438; 105.527; 105.527; 97.7977; 104.86; 11.84; 314.438; 13.89; 400; 105.527; flow_1.8; 105.527; 103.327
98.8; 100; 11.87; 315.622; 105.527; 105.527; 97.7977; 104.875; 11.85; 315.622; 13.89; 400; 105.527; flow_1.8; 105.527; 103.327
98.9; 100; 11.89; 316.81; 105.527; 105.527; 97.7977; 104.889; 11.87; 316.81; 13.89; 400; 105.527; flow_1.8; 105.527; 103.327
99; 100; 11.9; 317.999; 105.527; 105.527; 97.7977; 104.904; 11.89; 317.999; 13.89; 400; 105.527; flow_1.8; 105.527; 103.327
99.1; 100; 11.92; 319.189; 105.527; 105.527; 97.7977; 104.918; 11.9; 319.189; 13.89; 400; 105.527; flow_0.10; 105.527; 103.327
99.2; 100; 11.94; 320.38; 105.527; 105.527; 97.7977; 104.932; 11.92; 320.38; 13.89; 400; 105.527; flow_0.10; 105.527; 103.327
99.3; 100; 11.95; 321.575; 105.527; 105.527; 97.7977; 104.946; 11.94; 321.575; 13.89; 400; 105.527; flow_0.10; 105.527; 103.327
99.4; 100; 11.97; 322.77; 105.527; 105.527; 97.7977; 104.96; 11.95; 322.77; 13.89; 400; 105.527; flow_0.10; 105.527; 103.327
99.5; 100; 11.99; 323.966; 105.527; 105.527; 97.7977; 104.974; 11.97; 323.966; 13.89; 400; 105.527; flow_0.10; 105.527; 103.327
99.6; 100; 12; 325.166; 105.527; 105.527; 97.7977; 104.988; 11.99; 325.166; 13.89; 400; 105.527; flow_0.10; 105.527; 103.327
99.7; 100; 12.02; 326.366; 105.527; 105.527; 97.7977; 105.001; 12; 326.366; 13.89; 400; 105.527; flow_0.10; 105.527; 103.327
99.8; 100; 12.04; 327.568; 105.527; 105.527; 97.7977; 105.015; 12.02; 327.568; 13.89; 400; 105.527; flow_0.10; 105.527; 103.327
99.9; 100; 12.06; 328.771; 105.527; 105.527; 97.7977; 105.028; 12.04; 328.771; 13.89; 400; 105.527; flow_0.10; 105.527; 103.327
100; 100; 12.07; 329.978; 105.527; 105.527; 97.7977; 105.041; 12.06; 329.978; 13.89; 400; 105.527; flow_0.10; 105.527; 103.327
100.1; 100; 12.09; 331.185; 105.527; 105.527; 97.7977; 105.054; 12.07; 331.185; 13.89; 400; 105.527; flow_0.10; 105.527; 103.327
100.2; 100; 12.11; 332.393; 105.527; 105.527; 97.7977; 105.067; 12.09; 332.393; 13.89; 400; 105.527; flow_0.10; 105.527; 103.327
100.3; 100; 12.13; 333.604; 105.527; 105.527; 97.7977; 105.08; 12.11; 333.604; 13.89; 400; 105.527; flow_0.10; 105.527; 103.327
100.4; 100; 12.15; 334.818; 105.527; 105.527; 97.7977; 105.093; 12.13; 334.818; 13.89; 400; 105.527; flow_0.10; 105.527; 103.327
100.5; 100; 12.16; 336.033; 105.527; 105.527; 97.7977; 105.105; 12.15; 336.033; 13.89; 400; 105.527; flow_0.10; 105.527; 103.327
100.6; 100; 12.18; 337.249; 105.527; 105.527; 97.7977; 105.118; 12.16; 337.249; 13.89; 400; 105.527; flow_0.10; 105.527; 103.327
100.7; 100; 12.2; 338.466; 105.527; 105.527; 97.7977; 105.13; 12.18; 338.466; 13.89; 400; 105.527; flow_0.10; 105.527; 103.327
100.8; 100; 12.22; 339.687; 105.527; 105.527; 97.7977; 105.142; 12.2; 339.687; 13.89; 400; 105.527; flow_0.10; 105.527; 103.327
100.9; 100; 12.24; 340.909; 105.527; 105.527; 97.7977; 105.154; 12.22; 340.909; 13.89; 400; 105.527; flow_0.10; 105.527; 103.327
101; 100; 12.26; 342.133; 105.527; 105.527; 97.7977; 105.166; 12.24; 342.133; 13.89; 400; 105.527; flow_0.10; 105.527; 103.327
101.1; 100; 12.28; 343.359; 105.527; 105.527; 97.7977; 105.178; 12.26; 343.359; 13.89; 400; 105.527; flow_0.10; 105.527; 103.327
101.2; 100; 12.3; 344.586; 105.527; 105.527; 97.7977; 105.189; 12.28; 344.586; 13.89; 400; 105.527; flow_0.11; 105.527; 103.327
101.3; 100; 12.32; 345.817; 105.527; 105.527; 97.7977; 105.201; 12.3; 345.817; 13.89; 400; 105.527; flow_0.11; 105.527; 103.327
101.4; 100; 12.34; 347.049; 105.527; 105.527; 97.7977; 105.212; 12.32; 347.049; 13.89; 400; 105.527; flow_0.11; 105.527; 103.327
101.5; 100; 12.35; 348.283; 105.527; 105.527; 97.7977; 105.223; 12.34; 348.283; 13.89; 400; 105.527; flow_0.11; 105.527; 103.327
101.6; 100; 12.37; 349.518; 105.527; 105.527; 97.7977; 105.234; 12.35; 349.518; 13.89; 400; 105.527; flow_0.11; 105.527; 103.327
101.7; 100; 12.39; 350.755; 105.527; 105.527; 97.7977; 105.245; 12.37; 350.755; 13.89; 400; 105.527; flow_0.11; 105.527; 103.327
101.8; 100; 12.41; 351.994; 105.527; 105.527; 97.7977; 105.256; 12.39; 351.994; 13.89; 400; 105.527; flow_0.11; 105.527; 103.327
101.9; 100; 12.43; 353.234; 105.527; 105.527; 97.7977; 105.267; 12.41; 353.234; 13.89; 400; 105.527; flow_0.11; 105.527; 103.327
102; 100; 12.45; 354.478; 105.527; 105.527; 97.7977; 105.277; 12.43; 354.478; 13.89; 400; 105.527; flow_0.11; 105.527; 103.327
102.1; 100; 12.47; 355.723; 105.527; 105.527; 97.7977; 105.288; 12.45; 355.723; 13.89; 400; 105.527; flow_0.11; 105.527; 103.327
102.2; 100; 12.49; 356.97; 105.527; 105.527; 97.7977; 105.298; 12.47; 356.97; 13.89; 400; 105.527; flow_0.11; 105.527; 103.327
102.3; 100; 12.52; 358.219; 105.527; 105.527; 97.7977; 105.308; 12.49; 358.219; 13.89; 400; 105.527; flow_0.11; 105.527; 103.327
102.4; 100; 12.54; 359.471; 105.527; 105.527; 97.7977; 105.318; 12.52; 359.471; 13.89; 400; 105.527; flow_0.11; 105.527; 103.327
102.5; 100; 12.56; 360.724; 105.527; 105.527; 97.7977; 105.328; 12.54; 360.724; 13.89; 400; 105.527; flow_0.11; 105.527; 103.327
102.6; 100; 12.59; 361.981; 105.527; 105.527; 97.7977; 105.337; 12.56; 361.981; 13.89; 400; 105.527; flow_0.11; 105.527; 103.327
102.7; 100; 12.61; 363.24; 105.527; 105.527; 97.7977; 105.347; 12.59; 363.24; 13.89; 400; 105.527; flow_0.11; 105.527; 103.327
102.8; 100; 12.64; 364.5; 105.527; 105.527; 97.7977; 105.356; 12.61; 364.5; 13.89; 400; 105.527; flow_0.11; 105.527; 103.327
102.9; 100; 12.66; 365.765; 105.527; 105.527; 97.7977; 105.365; 12.64; 365.765; 13.89; 400; 105.527; flow_0.11; 105.527; 103.327
103; 100; 12.69; 367.031; 105.527; 105.527; 97.7977; 105.374; 12.66; 367.031; 13.89; 400; 105.527; flow_0.11; 105.527; 103.327
103.1; 100; 12.71; 368.299; 105.527; 105.527; 97.7977; 105.382; 12.69; 368.299; 13.89; 400; 105.527; flow_0.11; 105.527; 103.327
103.2; 100; 12.74; 369.57; 105.527; 105.527; 97.7977; 105.391; 12.71; 369.57; 13.89; 400; 105.527; flow_0.11; 105.527; 103.327
103.3; 100; 12.77; 370.845; 105.527; 105.527; 97.7977; 105.399; 12.74; 370.845; 13.89; 400; 105.527; flow_0.11; 105.527; 103.327
103.4; 100; 12.79; 372.122; 105.527; 105.527; 97.7977; 105.407; 12.77; 372.122; 13.89; 400; 105.527; flow_1.9; 105.527; 0
103.5; 100; 12.82; 373.401; 105.527; 105.527; 97.7977; 105.415; 12.79; 373.401; 13.89; 400; 105.527; flow_1.9; 105.527; 0
103.6; 100; 12.85; 374.682; 105.527; 105.527; 97.7977; 105.423; 12.82; 374.682; 13.89; 400; 105.527; flow_1.9; 105.527; 0
103.7; 100; 12.88; 375.968; 105.527; 105.527; 97.7977; 105.43; 12.85; 375.968; 13.89; 400; 105.527; flow_1.9; 105.527; 0
103.8; 100; 12.91; 377.255; 105.527; 105.527; 97.7977; 105.437; 12.88; 377.255; 13.89; 400; 105.527; flow_1.9; 105.527; 0
103.9; 100; 12.94; 378.547; 105.527; 105.527; 97.7977; 105.445; 12.91; 378.547; 13.89; 400; 105.527; flow_1.9; 105.527; 0
104; 100; 12.97; 379.841; 105.527; 105.527; 97.7977; 105.451; 12.94; 379.841; 13.89; 400; 105.527; flow_1.9; 105.527; 0
104.1; 100; 13; 381.138; 105.527; 105.527; 97.7977; 105.458; 12.97; 381.138; 13.89; 400; 105.527; flow_1.9; 105.527; 0
104.2; 100; 13.04; 382.438; 105.527; 105.527; 97.7977; 105.464; 13; 382.438; 13.89; 400; 105.527; flow_1.9; 105.527; 0
104.3; 100; 13.08; 383.742; 105.527; 105.527; 97.7977; 105.471; 13.04; 383.742; 13.89; 400; 105.527; flow_1.9; 105.527; 0
104.4; 100; 13.12; 385.049; 105.527; 105.527; 97.7977; 105.476; 13.08; 385.049; 13.89; 400; 105.527; flow_1.9; 105.527; 0
104.5; 100; 13.16; 386.362; 105.527; 105.527; 97.7977; 105.482; 13.12; 386.362; 13.89; 400; 105.527; flow_1.9; 105.527; 0
104.6; 100; 13.21; 387.677; 105.527; 105.527; 97.7977; 105.487; 13.16; 387.677; 13.89; 400; 105.527; flow_1.9; 105.527; 0
104.7; 100; 13.27; 388.999; 105.527; 105.527; 97.7977; 105.492; 13.21; 388.999; 13.89; 400; 105.527; flow_1.9; 105.527; 0
104.8; 100; 13.35; 390.326; 105.527; 105.527; 97.7977; 105.497; 13.27; 390.326; 13.89; 400; 105.527; flow_1.9; 105.527; 0
104.9; 100; 13.47; 391.661; 105.527; 105.527; 97.7977; 105.5; 13.35; 391.661; 13.89; 400; 105.527; flow_1.9; 105.527; 0
105; 100; 13.75; 393.008; 105.527; 105.527; 97.7977; 105.503; 13.47; 393.008; 13.89; 400; 105.527; flow_1.9; 105.527; 0
105.1; 100; 13.89; 394.383; 105.527; 105.527; 97.7977; 105.504; 13.75; 394.383; 13.89; 400; 105.527; flow_1.9; 105.527; 0
105.2; 100; 13.89; 395.771; 105.527; 105.527; 97.7977; 105.504; 13.89; 395.771; 13.89; 400; 105.527; flow_1.9; 105.527; 0
105.3; 100; 13.89; 397.161; 105.527; 105.527; 97.7977; 105.504; 13.89; 397.161; 13.89; 400; 105.527; flow_1.9; 105.527; 0
105.4; 100; 13.89; 398.549; 105.527; 105.527; 97.7977; 105.504; 13.89; 398.549; 13.89; 400; 105.527; flow_1.9; 105.527; 0
105.5; 100; 13.89; 399.939; 105.6; 105.527; 97.7977; 105.504; 13.89; 399.939; 13.89; 400; 105.527; flow_1.9; 105.527; 0
