66.8; 100; 12.91; 2.34088; 101.098; 101.098; 95.5977; 95.4292; 12.9396; 2.34088; 13.89; 400; 101.098; flow_0.3; 0; 98.8977
66.9; 100; 12.88; 3.63187; 101.098; 101.098; 95.5977; 95.4362; 12.91; 3.63187; 13.89; 400; 101.098; flow_0.3; 101.098; 98.8977
67; 100; 12.85; 4.91989; 101.098; 101.098; 95.5977; 95.4435; 12.88; 4.91989; 13.89; 400; 101.098; flow_0.3; 101.098; 98.8977
67.1; 100; 12.82; 6.20486; 101.098; 101.098; 95.5977; 95.451; 12.85; 6.20486; 13.89; 400; 101.098; flow_0.3; 101.098; 98.8977
67.2; 100; 12.79; 7.48688; 101.098; 101.098; 95.5977; 95.4587; 12.82; 7.48688; 13.89; 400; 101.098; flow_0.3; 101.098; 98.8977
67.3; 100; 12.76; 8.76587; 101.098; 101.098; 95.5977; 95.4666; 12.79; 8.76587; 13.89; 400; 101.098; flow_0.3; 101.098; 98.8977
67.4; 100; 12.73; 10.0419; 101.098; 101.098; 95.5977; 95.4747; 12.76; 10.0419; 13.89; 400; 101.098; flow_0.3; 101.098; 98.8977
67.5; 100; 12.7; 11.3149; 101.098; 101.098; 95.5977; 95.4831; 12.73; 11.3149; 13.89; 400; 101.098; flow_0.3; 101.098; 98.8977
67.6; 100; 12.67; 12.5849; 101.098; 101.098; 95.5977; 95.4917; 12.7; 12.5849; 13.89; 400; 101.098; flow_0.3; 101.098; 98.8977
67.7; 100; 12.64; 13.8519; 101.098; 101.098; 95.5977; 95.5004; 12.67; 13.8519; 13.89; 400; 101.098; flow_0.3; 101.098; 98.8977
67.8; 100; 12.61; 15.1159; 101.098; 101.098; 95.5977; 95.5094; 12.64; 15.1159; 13.89; 400; 101.098; flow_0.3; 101.098; 98.8977
67.9; 100; 12.58; 16.3769; 101.098; 101.098; 95.5977; 95.5187; 12.61; 16.3769; 13.89; 400; 101.098; flow_0.3; 101.098; 98.8977
68; 100; 12.55; 17.6349; 101.098; 101.098; 95.5977; 95.5281; 12.58; 17.6349; 13.89; 400; 101.098; flow_0.3; 101.098; 98.8977
68.1; 100; 12.52; 18.8899; 101.098; 101.098; 95.5977; 95.5377; 12.55; 18.8899; 13.89; 400; 101.098; flow_0.3; 101.098; 98.8977
68.2; 100; 12.49; 20.1419; 101.098; 101.098; 95.5977; 95.5476; 12.52; 20.1419; 13.89; 400; 101.098; flow_0.3; 101.098; 98.8977
68.3; 100; 12.46; 21.3909; 101.098; 101.098; 95.5977; 95.5577; 12.49; 21.3909; 13.89; 400; 101.098; flow_0.3; 101.098; 98.8977
68.4; 100; 12.43; 22.6369; 101.098; 101.098; 95.5977; 95.568; 12.46; 22.6369; 13.89; 400; 101.098; flow_1.2; 101.098; 98.8977
68.5; 100; 12.4; 23.8799; 101.098; 101.098; 95.5977; 95.5785; 12.43; 23.8799; 13.89; 400; 101.098; flow_1.2; 101.098; 98.8977
68.6; 100; 12.37; 25.1199; 101.098; 101.098; 95.5977; 95.5892; 12.4; 25.1199; 13.89; 400; 101.098; flow_1.2; 101.098; 98.8977
68.7; 100; 12.35; 26.3569; 101.098; 101.098; 95.5977; 95.6002; 12.37; 26.3569; 13.89; 400; 101.098; flow_1.2; 101.098; 98.8977
68.8; 100; 12.33; 27.5919; 101.098; 101.098; 95.5977; 95.6112; 12.35; 27.5919; 13.89; 400; 101.098; flow_1.2; 101.098; 98.8977
68.9; 100; 12.31; 28.8249; 101.098; 101.098; 95.5977; 95.6225; 12.33; 28.8249; 13.89; 400; 101.098; flow_1.2; 101.098; 98.8977
69; 100; 12.29; 30.0559; 101.098; 101.098; 95.5977; 95.6338; 12.31; 30.0559; 13.89; 400; 101.098; flow_1.2; 101.098; 98.8977
69.1; 100; 12.27; 31.2849; 101.098; 101.098; 95.5977; 95.6454; 12.29; 31.2849; 13.89; 400; 101.098; flow_1.2; 101.098; 98.8977
69.2; 100; 12.25; 32.5119; 101.098; 101.098; 95.5977; 95.657; 12.27; 32.5119; 13.89; 400; 101.098; flow_1.2; 101.098; 98.8977
69.3; 100; 12.23; 33.7369; 101.098; 101.098; 95.5977; 95.6688; 12.25; 33.7369; 13.89; 400; 101.098; flow_1.2; 101.098; 98.8977
69.4; 100; 12.21; 34.9599; 101.098; 101.098; 95.5977; 95.6808; 12.23; 34.9599; 13.89; 400; 101.098; flow_1.2; 101.098; 98.8977
69.5; 100; 12.19; 36.1809; 101.098; 101.098; 95.5977; 95.6929; 12.21; 36.1809; 13.89; 400; 101.098; flow_1.2; 101.098; 98.8977
69.6; 100; 12.17; 37.3999; 101.098; 101.098; 95.5977; 95.7051; 12.19; 37.3999; 13.89; 400; 101.098; flow_1.2; 101.098; 98.8977
69.7; 100; 12.15; 38.6169; 101.098; 101.098; 95.5977; 95.7175; 12.17; 38.6169; 13.89; 400; 101.098; flow_1.2; 101.098; 98.8977
69.8; 100; 12.13; 39.8319; 101.098; 101.098; 95.5977; 95.73; 12.15; 39.8319; 13.89; 400; 101.098; flow_1.2; 101.098; 98.8977
69.9; 100; 12.11; 41.0449; 101.098; 101.098; 95.5977; 95.7427; 12.13; 41.0449; 13.89; 400; 101.098; flow_1.2; 101.098; 98.8977
70; 100; 12.09; 42.2559; 101.098; 101.098; 95.5977; 95.7555; 12.11; 42.2559; 13.89; 400; 101.098; flow_1.2; 101.098; 98.8977
70.1; 100; 12.07; 43.4649; 101.098; 101.098; 95.5977; 95.7685; 12.09; 43.4649; 13.89; 400; 101.098; flow_1.2; 101.098; 98.8977
70.2; 100; 12.05; 44.6719; 101.098; 101.098; 95.5977; 95.7816; 12.07; 44.6719; 13.89; 400; 101.098; flow_1.2; 101.098; 98.8977
70.3; 100; 12.03; 45.8769; 101.098; 101.098; 95.5977; 95.7948; 12.05; 45.8769; 13.89; 400; 101.098; flow_1.2; 101.098; 98.8977
70.4; 100; 12.01; 47.0799; 101.098; 101.098; 95.5977; 95.8082; 12.03; 47.0799; 13.89; 400; 101.098; flow_1.2; 101.098; 98.8977
70.5; 100; 11.99; 48.2809; 101.098; 101.098; 95.5977; 95.8218; 12.01; 48.2809; 13.89; 400; 101.098; flow_1.2; 101.098; 98.8977
70.6; 100; 11.97; 49.4799; 101.098; 101.098; 95.5977; 95.8354; 11.99; 49.4799; 13.89; 400; 101.098; flow_1.2; 101.098; 98.8977
70.7; 100; 11.95; 50.6769; 101.098; 101.098; 95.5977; 95.8492; 11.97; 50.6769; 13.89; 400; 101.098; flow_1.2; 101.098; 98.8977
70.8; 100; 11.93; 51.8719; 101.098; 101.098; 95.5977; 95.8632; 11.95; 51.8719; 13.89; 400; 101.098; flow_1.2; 101.098; 98.8977
70.9; 100; 11.91; 53.0649; 101.098; 101.098; 95.5977; 95.8773; 11.93; 53.0649; 13.89; 400; 101.098; flow_1.2; 101.098; 98.8977
71; 100; 11.89; 54.2559; 101.098; 101.098; 95.5977; 95.8916; 11.91; 54.2559; 13.89; 400; 101.098; flow_1.2; 101.098; 98.8977
71.1; 100; 11.87; 55.4449; 101.098; 101.098; 95.5977; 95.906; 11.89; 55.4449; 13.89; 400; 101.098; flow_1.2; 101.098; 98.8977
71.2; 100; 11.85; 56.6319; 101.098; 101.098; 95.5977; 95.9205; 11.87; 56.6319; 13.89; 400; 101.098; flow_1.2; 101.098; 98.8977
71.3; 100; 11.83; 57.8169; 101.098; 101.098; 95.5977; 95.9352; 11.85; 57.8169; 13.89; 400; 101.098; flow_1.2; 101.098; 98.8977
71.4; 100; 11.81; 58.9999; 101.098; 101.098; 95.5977; 95.95; 11.83; 58.9999; 13.89; 400; 101.098; flow_1.2; 101.098; 98.8977
71.5; 100; 11.79; 60.1809; 101.098; 101.098; 95.5977; 95.965; 11.81; 60.1809; 13.89; 400; 101.098; flow_1.2; 101.098; 98.8977
71.6; 100; 11.77; 61.3599; 101.098; 101.098; 95.5977; 95.9801; 11.79; 61.3599; 13.89; 400; 101.098; flow_1.2; 101.098; 98.8977
71.7; 100; 11.75; 62.5369; 101.098; 101.098; 95.5977; 95.9954; 11.77; 62.5369; 13.89; 400; 101.098; flow_1.2; 101.098; 98.8977
71.8; 100; 11.73; 63.7119; 101.098; 101.098; 95.5977; 96.0108; 11.75; 63.7119; 13.89; 400; 101.098; flow_1.2; 101.098; 98.8977
71.9; 100; 11.71; 64.8849; 101.098; 101.098; 95.5977; 96.0264; 11.73; 64.8849; 13.89; 400; 101.098; flow_1.2; 101.098; 98.8977
72; 100; 11.69; 66.0559; 101.098; 101.098; 95.5977; 96.0421; 11.71; 66.0559; 13.89; 400; 101.098; flow_1.2; 101.098; 98.8977
72.1; 100; 11.67; 67.2249; 101.098; 101.098; 95.5977; 96.0579; 11.69; 67.2249; 13.89; 400; 101.098; flow_1.2; 101.098; 98.8977
72.2; 100; 11.65; 68.3919; 101.098; 101.098; 95.5977; 96.0739; 11.67; 68.3919; 13.89; 400; 101.098; flow_1.2; 101.098; 98.8977
72.3; 100; 11.63; 69.5569; 101.098; 101.098; 95.5977; 96.09; 11.65; 69.5569; 13.89; 400; 101.098; flow_1.2; 101.098; 98.8977
72.4; 100; 11.61; 70.7199; 101.098; 101.098; 95.5977; 96.1063; 11.63; 70.7199; 13.89; 400; 101.098; flow_1.2; 101.098; 98.8977
72.5; 100; 11.59; 71.8809; 101.098; 101.098; 95.5977; 96.1227; 11.61; 71.8809; 13.89; 400; 101.098; flow_1.2; 101.098; 98.8977
72.6; 100; 11.57; 73.0399; 101.098; 101.098; 95.5977; 96.1392; 11.59; 73.0399; 13.89; 400; 101.098; flow_1.2; 101.098; 98.8977
72.7; 100; 11.55; 74.1969; 101.098; 101.098; 95.5977; 96.1559; 11.57; 74.1969; 13.89; 400; 101.098; flow_0.4; 101.098; 98.8977
72.8; 100; 11.53; 75.3519; 101.098; 101.098; 95.5977; 96.1728; 11.55; 75.3519; 13.89; 400; 101.098; flow_0.4; 101.098; 98.8977
72.9; 100; 11.51; 76.5049; 101.127; 101.127; 95.5977; 96.1898; 11.53; 76.5049; 13.89; 400; 101.127; flow_0.4; 101.098; 98.9269
73; 100; 11.49; 77.6559; 101.127; 101.127; 95.5977; 96.2069; 11.51; 77.6559; 13.89; 400; 101.127; flow_0.4; 101.127; 98.9269
73.1; 100; 11.47; 78.8049; 101.127; 101.127; 95.5977; 96.2242; 11.49; 78.8049; 13.89; 400; 101.127; flow_0.4; 101.127; 98.9269
73.2; 100; 11.45; 79.9519; 101.127; 101.127; 95.5977; 96.2416; 11.47; 79.9519; 13.89; 400; 101.127; flow_0.4; 101.127; 98.9269
73.3; 100; 11.43; 81.0969; 101.127; 101.127; 95.5977; 96.2592; 11.45; 81.0969; 13.89; 400; 101.127; flow_0.4; 101.127; 98.9269
73.4; 100; 11.41; 82.2399; 101.127; 101.127; 95.5977; 96.2769; 11.43; 82.2399; 13.89; 400; 101.127; flow_0.4; 101.127; 98.9269
73.5; 100; 11.39; 83.3809; 101.127; 101.127; 95.5977; 96.2948; 11.41; 83.3809; 13.89; 400; 101.127; flow_0.4; 101.127; 98.9269
73.6; 100; 11.37; 84.5199; 101.127; 101.127; 95.5977; 96.3128; 11.39; 84.5199; 13.89; 400; 101.127; flow_0.4; 101.127; 98.9269
73.7; 100; 11.35; 85.6569; 101.127; 101.127; 95.5977; 96.3309; 11.37; 85.6569; 13.89; 400; 101.127; flow_0.4; 101.127; 98.9269
73.8; 100; 11.33; 86.7919; 101.127; 101.127; 95.5977; 96.3492; 11.35; 86.7919; 13.89; 400; 101.127; flow_0.4; 101.127; 98.9269
73.9; 100; 11.31; 87.9249; 101.127; 101.127; 95.5977; 96.3676; 11.33; 87.9249; 13.89; 400; 101.127; flow_0.4; 101.127; 98.9269
74; 100; 11.29; 89.0559; 101.127; 101.127; 95.5977; 96.3862; 11.31; 89.0559; 13.89; 400; 101.127; flow_0.4; 101.127; 98.9269
74.1; 100; 11.27; 90.1849; 101.127; 101.127; 95.5977; 96.4049; 11.29; 90.1849; 13.89; 400; 101.127; flow_0.4; 101.127; 98.9269
74.2; 100; 11.25; 91.3119; 101.127; 101.127; 95.5977; 96.4238; 11.27; 91.3119; 13.89; 400; 101.127; flow_0.4; 101.127; 98.9269
74.3; 100; 11.24; 92.4369; 101.127; 101.127; 95.5977; 96.4428; 11.25; 92.4369; 13.89; 400; 101.127; flow_0.4; 101.127; 98.9269
74.4; 100; 11.23; 93.5609; 101.127; 101.127; 95.5977; 96.4619; 11.24; 93.5609; 13.89; 400; 101.127; flow_0.4; 101.127; 98.9269
74.5; 100; 11.22; 94.6839; 101.127; 101.127; 95.5977; 96.481; 11.23; 94.6839; 13.89; 400; 101.127; flow_0.4; 101.127; 98.9269
74.6; 100; 11.21; 95.8059; 101.127; 101.127; 95.5977; 96.5002; 11.22; 95.8059; 13.89; 400; 101.127; flow_0.4; 101.127; 98.9269
74.7; 100; 11.2; 96.9269; 101.127; 101.127; 95.5977; 96.5195; 11.21; 96.9269; 13.89; 400; 101.127; flow_0.4; 101.127; 98.9269
74.8; 100; 11.19; 98.0469; 101.127; 101.127; 95.5977; 96.5389; 11.2; 98.0469; 13.89; 400; 101.127; flow_1.3; 101.127; 98.9269
74.9; 100; 11.18; 99.1659; 101.127; 101.127; 95.5977; 96.5583; 11.19; 99.1659; 13.89; 400; 101.127; flow_1.3; 101.127; 98.9269
75; 100; 11.17; 100.284; 101.127; 101.127; 95.5977; 96.5778; 11.18; 100.284; 13.89; 400; 101.127; flow_1.3; 101.127; 98.9269
75.1; 100; 11.16; 101.401; 101.127; 101.127; 95.5977; 96.5974; 11.17; 101.401; 13.89; 400; 101.127; flow_1.3; 101.127; 98.9269
75.2; 100; 11.15; 102.517; 101.127; 101.127; 95.5977; 96.6171; 11.16; 102.517; 13.89; 400; 101.127; flow_1.3; 101.127; 98.9269
75.3; 100; 11.14; 103.632; 101.127; 101.127; 95.5977; 96.6368; 11.15; 103.632; 13.89; 400; 101.127; flow_1.3; 101.127; 98.9269
75.4; 100; 11.13; 104.746; 101.127; 101.127; 95.5977; 96.6566; 11.14; 104.746; 13.89; 400; 101.127; flow_1.3; 101.127; 98.9269
75.5; 100; 11.12; 105.859; 101.127; 101.127; 95.5977; 96.6765; 11.13; 105.859; 13.89; 400; 101.127; flow_1.3; 101.127; 98.9269
75.6; 100; 11.11; 106.971; 101.127; 101.127; 95.5977; 96.6964; 11.12; 106.971; 13.89; 400; 101.127; flow_1.3; 101.127; 98.9269
75.7; 100; 11.1; 108.082; 101.127; 101.127; 95.5977; 96.7164; 11.11; 108.082; 13.89; 400; 101.127; flow_1.3; 101.127; 98.9269
75.8; 100; 11.09; 109.192; 101.127; 101.127; 95.5977; 96.7365; 11.1; 109.192; 13.89; 400; 101.127; flow_1.3; 101.127; 98.9269
75.9; 100; 11.08; 110.301; 101.127; 101.127; 95.5977; 96.7567; 11.09; 110.301; 13.89; 400; 101.127; flow_1.3; 101.127; 98.9269
76; 100; 11.07; 111.409; 101.127; 101.127; 95.5977; 96.7769; 11.08; 111.409; 13.89; 400; 101.127; flow_1.3; 101.127; 98.9269
76.1; 100; 11.06; 112.516; 101.127; 101.127; 95.5977; 96.7972; 11.07; 112.516; 13.89; 400; 101.127; flow_1.3; 101.127; 98.9269
76.2; 100; 11.05; 113.622; 101.127; 101.127; 95.5977; 96.8176; 11.06; 113.622; 13.89; 400; 101.127; flow_1.3; 101.127; 98.9269
76.3; 100; 11.04; 114.727; 101.127; 101.127; 95.5977; 96.838; 11.05; 114.727; 13.89; 400; 101.127; flow_1.3; 101.127; 98.9269
76.4; 100; 11.03; 115.831; 101.127; 101.127; 95.5977; 96.8585; 11.04; 115.831; 13.89; 400; 101.127; flow_1.3; 101.127; 98.9269
76.5; 100; 11.02; 116.934; 101.127; 101.127; 95.5977; 96.8791; 11.03; 116.934; 13.89; 400; 101.127; flow_1.3; 101.127; 98.9269
76.6; 100; 11.01; 118.036; 101.127; 101.127; 95.5977; 96.8998; 11.02; 118.036; 13.89; 400; 101.127; flow_1.3; 101.127; 98.9269
76.7; 100; 11; 119.137; 101.127; 101.127; 95.5977; 96.9205; 11.01; 119.137; 13.89; 400; 101.127; flow_1.3; 101.127; 98.9269
76.8; 100; 10.99; 120.237; 101.127; 101.127; 95.5977; 96.9413; 11; 120.237; 13.89; 400; 101.127; flow_1.3; 101.127; 98.9269
76.9; 100; 10.98; 121.336; 101.127; 101.127; 95.5977; 96.9622; 10.99; 121.336; 13.89; 400; 101.127; flow_1.3; 101.127; 98.9269
77; 100; 10.97; 122.434; 101.127; 101.127; 95.5977; 96.9832; 10.98; 122.434; 13.89; 400; 101.127; flow_1.3; 101.127; 98.9269
77.1; 100; 10.96; 123.531; 101.127; 101.127; 95.5977; 97.0042; 10.97; 123.531; 13.89; 400; 101.127; flow_1.4; 101.127; 98.9269
77.2; 100; 10.95; 124.627; 101.127; 101.127; 95.5977; 97.0253; 10.96; 124.627; 13.89; 400; 101.127; flow_1.4; 101.127; 98.9269
77.3; 100; 10.94; 125.722; 101.127; 101.127; 95.5977; 97.0464; 10.95; 125.722; 13.89; 400; 101.127; flow_1.4; 101.127; 98.9269
77.4; 100; 10.93; 126.816; 101.127; 101.127; 95.5977; 97.0677; 10.94; 126.816; 13.89; 400; 101.127; flow_1.4; 101.127; 98.9269
77.5; 100; 10.92; 127.909; 101.127; 101.127; 95.5977; 97.089; 10.93; 127.909; 13.89; 400; 101.127; flow_1.4; 101.127; 98.9269
77.6; 100; 10.91; 129.001; 101.127; 101.127; 95.5977; 97.1104; 10.92; 129.001; 13.89; 400; 101.127; flow_1.4; 101.127; 98.9269
77.7; 100; 10.9; 130.092; 101.127; 101.127; 95.5977; 97.1318; 10.91; 130.092; 13.89; 400; 101.127; flow_1.4; 101.127; 98.9269
77.8; 100; 10.89; 131.182; 101.127; 101.127; 95.5977; 97.1534; 10.9; 131.182; 13.89; 400; 101.127; flow_1.4; 101.127; 98.9269
77.9; 100; 10.88; 132.271; 101.127; 101.127; 95.5977; 97.175; 10.89; 132.271; 13.89; 400; 101.127; flow_1.4; 101.127; 98.9269
78; 100; 10.87; 133.359; 101.127; 101.127; 95.5977; 97.1966; 10.88; 133.359; 13.89; 400; 101.127; flow_1.4; 101.127; 98.9269
78.1; 100; 10.86; 134.446; 101.127; 101.127; 95.5977; 97.2184; 10.87; 134.446; 13.89; 400; 101.127; flow_1.4; 101.127; 98.9269
78.2; 100; 10.85; 135.532; 101.127; 101.127; 95.5977; 97.2402; 10.86; 135.532; 13.89; 400; 101.127; flow_1.4; 101.127; 98.9269
78.3; 100; 10.84; 136.617; 101.127; 101.127; 95.5977; 97.2621; 10.85; 136.617; 13.89; 400; 101.127; flow_1.4; 101.127; 98.9269
78.4; 100; 10.83; 137.701; 101.127; 101.127; 95.5977; 97.284; 10.84; 137.701; 13.89; 400; 101.127; flow_1.4; 101.127; 98.9269
78.5; 100; 10.82; 138.784; 101.127; 101.127; 95.5977; 97.3061; 10.83; 138.784; 13.89; 400; 101.127; flow_1.4; 101.127; 98.9269
78.6; 100; 10.81; 139.866; 101.127; 101.127; 95.5977; 97.3282; 10.82; 139.866; 13.89; 400; 101.127; flow_1.4; 101.127; 98.9269
78.7; 100; 10.8; 140.947; 101.127; 101.127; 95.5977; 97.3503; 10.81; 140.947; 13.89; 400; 101.127; flow_1.4; 101.127; 98.9269
78.8; 100; 10.79; 142.027; 101.127; 101.127; 95.5977; 97.3726; 10.8; 142.027; 13.89; 400; 101.127; flow_1.4; 101.127; 98.9269
78.9; 100; 10.78; 143.106; 101.127; 101.127; 95.5977; 97.3949; 10.79; 143.106; 13.89; 400; 101.127; flow_1.4; 101.127; 98.9269
79; 100; 10.77; 144.184; 101.127; 101.127; 95.5977; 97.4173; 10.78; 144.184; 13.89; 400; 101.127; flow_1.4; 101.127; 98.9269
79.1; 100; 10.76; 145.261; 101.127; 101.127; 95.5977; 97.4397; 10.77; 145.261; 13.89; 400; 101.127; flow_1.4; 101.127; 98.9269
79.2; 100; 10.75; 146.337; 101.127; 101.127; 95.5977; 97.4623; 10.76; 146.337; 13.89; 400; 101.127; flow_1.4; 101.127; 98.9269
79.3; 100; 10.74; 147.412; 101.127; 101.127; 95.5977; 97.4849; 10.75; 147.412; 13.89; 400; 101.127; flow_1.5; 101.127; 98.9269
79.4; 100; 10.73; 148.486; 101.127; 101.127; 95.5977; 97.5076; 10.74; 148.486; 13.89; 400; 101.127; flow_1.5; 101.127; 98.9269
79.5; 100; 10.72; 149.559; 101.127; 101.127; 95.5977; 97.5303; 10.73; 149.559; 13.89; 400; 101.127; flow_1.5; 101.127; 98.9269
79.6; 100; 10.71; 150.631; 101.127; 101.127; 95.5977; 97.5531; 10.72; 150.631; 13.89; 400; 101.127; flow_1.5; 101.127; 98.9269
79.7; 100; 10.71; 151.702; 101.127; 101.127; 95.5977; 97.576; 10.71; 151.702; 13.89; 400; 101.127; flow_1.5; 101.127; 98.9269
79.8; 100; 10.71; 152.773; 101.127; 101.127; 95.5977; 97.5989; 10.71; 152.773; 13.89; 400; 101.127; flow_1.5; 101.127; 98.9269
79.9; 100; 10.71; 153.844; 101.127; 101.127; 95.5977; 97.6218; 10.71; 153.844; 13.89; 400; 101.127; flow_1.5; 101.127; 98.9269
80; 100; 10.71; 154.915; 101.127; 101.127; 95.5977; 97.6447; 10.71; 154.915; 13.89; 400; 101.127; flow_1.5; 101.127; 98.9269
80.1; 100; 10.71; 155.986; 101.127; 101.127; 95.5977; 97.6676; 10.71; 155.986; 13.89; 400; 101.127; flow_1.5; 101.127; 98.9269
80.2; 100; 10.71; 157.057; 101.127; 101.127; 95.5977; 97.6905; 10.71; 157.057; 13.89; 400; 101.127; flow_1.5; 101.127; 98.9269
80.3; 100; 10.71; 158.128; 101.127; 101.127; 95.5977; 97.7134; 10.71; 158.128; 13.89; 400; 101.127; flow_1.5; 101.127; 98.9269
80.4; 100; 10.71; 159.199; 101.127; 101.127; 95.5977; 97.7363; 10.71; 159.199; 13.89; 400; 101.127; flow_1.5; 101.127; 98.9269
80.5; 100; 10.71; 160.27; 101.127; 101.127; 95.5977; 97.7592; 10.71; 160.27; 13.89; 400; 101.127; flow_1.5; 101.127; 98.9269
80.6; 100; 10.71; 161.341; 101.127; 101.127; 95.5977; 97.7821; 10.71; 161.341; 13.89; 400; 101.127; flow_1.5; 101.127; 98.9269
80.7; 100; 10.71; 162.412; 101.127; 101.127; 95.5977; 97.805; 10.71; 162.412; 13.89; 400; 101.127; flow_1.5; 101.127; 98.9269
80.8; 100; 10.71; 163.483; 101.127; 101.127; 95.5977; 97.8279; 10.71; 163.483; 13.89; 400; 101.127; flow_1.5; 101.127; 98.9269
80.9; 100; 10.71; 164.554; 101.127; 101.127; 95.5977; 97.8508; 10.71; 164.554; 13.89; 400; 101.127; flow_1.5; 101.127; 98.9269
81; 100; 10.71; 165.625; 101.127; 101.127; 95.5977; 97.8737; 10.71; 165.625; 13.89; 400; 101.127; flow_1.5; 101.127; 98.9269
81.1; 100; 10.71; 166.696; 101.127; 101.127; 95.5977; 97.8966; 10.71; 166.696; 13.89; 400; 101.127; flow_1.5; 101.127; 98.9269
81.2; 100; 10.71; 167.767; 101.127; 101.127; 95.5977; 97.9194; 10.71; 167.767; 13.89; 400; 101.127; flow_1.5; 101.127; 98.9269
81.3; 100; 10.71; 168.838; 101.127; 101.127; 95.5977; 97.9423; 10.71; 168.838; 13.89; 400; 101.127; flow_1.5; 101.127; 98.9269
81.4; 100; 10.71; 169.909; 101.127; 101.127; 95.5977; 97.9652; 10.71; 169.909; 13.89; 400; 101.127; flow_1.5; 101.127; 98.9269
81.5; 100; 10.71; 170.98; 101.127; 101.127; 95.5977; 97.9881; 10.71; 170.98; 13.89; 400; 101.127; flow_0.5; 101.127; 98.9269
81.6; 100; 10.71; 172.051; 101.127; 101.127; 95.5977; 98.011; 10.71; 172.051; 13.89; 400; 101.127; flow_0.5; 101.127; 98.9269
81.7; 100; 10.71; 173.122; 101.127; 101.127; 95.5977; 98.0339; 10.71; 173.122; 13.89; 400; 101.127; flow_0.5; 101.127; 98.9269
81.8; 100; 10.71; 174.193; 101.127; 101.127; 95.5977; 98.0568; 10.71; 174.193; 13.89; 400; 101.127; flow_0.5; 101.127; 98.9269
81.9; 100; 10.71; 175.264; 101.127; 101.127; 95.5977; 98.0797; 10.71; 175.264; 13.89; 400; 101.127; flow_0.5; 101.127; 98.9269
82; 100; 10.71; 176.335; 101.127; 101.127; 95.5977; 98.1026; 10.71; 176.335; 13.89; 400; 101.127; flow_0.5; 101.127; 98.9269
82.1; 100; 10.71; 177.406; 101.127; 101.127; 95.5977; 98.1255; 10.71; 177.406; 13.89; 400; 101.127; flow_0.5; 101.127; 98.9269
82.2; 100; 10.71; 178.477; 101.127; 101.127; 95.5977; 98.1484; 10.71; 178.477; 13.89; 400; 101.127; flow_0.5; 101.127; 98.9269
82.3; 100; 10.71; 179.548; 101.127; 101.127; 95.5977; 98.1713; 10.71; 179.548; 13.89; 400; 101.127; flow_0.5; 101.127; 98.9269
82.4; 100; 10.71; 180.619; 101.127; 101.127; 95.5977; 98.1942; 10.71; 180.619; 13.89; 400; 101.127; flow_0.5; 101.127; 98.9269
82.5; 100; 10.71; 181.69; 101.127; 101.127; 95.5977; 98.2171; 10.71; 181.69; 13.89; 400; 101.127; flow_0.5; 101.127; 98.9269
82.6; 100; 10.71; 182.761; 101.127; 101.127; 95.5977; 98.24; 10.71; 182.761; 13.89; 400; 101.127; flow_0.5; 101.127; 98.9269
82.7; 100; 10.71; 183.832; 101.127; 101.127; 95.5977; 98.2629; 10.71; 183.832; 13.89; 400; 101.127; flow_0.5; 101.127; 98.9269
82.8; 100; 10.71; 184.903; 101.127; 101.127; 95.5977; 98.2858; 10.71; 184.903; 13.89; 400; 101.127; flow_0.5; 101.127; 98.9269
82.9; 100; 10.71; 185.974; 101.127; 101.127; 95.5977; 98.3086; 10.71; 185.974; 13.89; 400; 101.127; flow_0.5; 101.127; 98.9269
83; 100; 10.71; 187.045; 101.127; 101.127; 95.5977; 98.3315; 10.71; 187.045; 13.89; 400; 101.127; flow_0.5; 101.127; 98.9269
83.1; 100; 10.71; 188.116; 101.127; 101.127; 95.5977; 98.3544; 10.71; 188.116; 13.89; 400; 101.127; flow_0.5; 101.127; 98.9269
83.2; 100; 10.71; 189.187; 101.127; 101.127; 95.5977; 98.3773; 10.71; 189.187; 13.89; 400; 101.127; flow_0.5; 101.127; 98.9269
83.3; 100; 10.71; 190.258; 101.127; 101.127; 95.5977; 98.4002; 10.71; 190.258; 13.89; 400; 101.127; flow_0.5; 101.127; 98.9269
83.4; 100; 10.71; 191.329; 101.127; 101.127; 95.5977; 98.4231; 10.71; 191.329; 13.89; 400; 101.127; flow_0.5; 101.127; 98.9269
83.5; 100; 10.71; 192.4; 101.127; 101.127; 95.5977; 98.446; 10.71; 192.4; 13.89; 400; 101.127; flow_0.5; 101.127; 98.9269
83.6; 100; 10.71; 193.471; 101.127; 101.127; 95.5977; 98.4689; 10.71; 193.471; 13.89; 400; 101.127; flow_0.6; 101.127; 98.9269
83.7; 100; 10.71; 194.542; 101.127; 101.127; 95.5977; 98.4918; 10.71; 194.542; 13.89; 400; 101.127; flow_0.6; 101.127; 98.9269
83.8; 100; 10.71; 195.613; 101.127; 101.127; 95.5977; 98.5147; 10.71; 195.613; 13.89; 400; 101.127; flow_0.6; 101.127; 98.9269
83.9; 100; 10.71; 196.684; 101.127; 101.127; 95.5977; 98.5376; 10.71; 196.684; 13.89; 400; 101.127; flow_0.6; 101.127; 98.9269
84; 100; 10.71; 197.755; 101.127; 101.127; 95.5977; 98.5605; 10.71; 197.755; 13.89; 400; 101.127; flow_0.6; 101.127; 98.9269
84.1; 100; 10.71; 198.826; 101.127; 101.127; 95.5977; 98.5834; 10.71; 198.826; 13.89; 400; 101.127; flow_0.6; 101.127; 98.9269
84.2; 100; 10.71; 199.897; 101.127; 101.127; 95.5977; 98.6063; 10.71; 199.897; 13.89; 400; 101.127; flow_0.6; 101.127; 98.9269
84.3; 100; 10.71; 200.968; 101.127; 101.127; 95.5977; 98.6292; 10.71; 200.968; 13.89; 400; 101.127; flow_0.6; 101.127; 98.9269
84.4; 100; 10.71; 202.039; 101.127; 101.127; 95.5977; 98.6521; 10.71; 202.039; 13.89; 400; 101.127; flow_0.6; 101.127; 98.9269
84.5; 100; 10.71; 203.11; 101.127; 101.127; 95.5977; 98.675; 10.71; 203.11; 13.89; 400; 101.127; flow_0.6; 101.127; 98.9269
84.6; 100; 10.71; 204.181; 101.127; 101.127; 95.5977; 98.6978; 10.71; 204.181; 13.89; 400; 101.127; flow_0.6; 101.127; 98.9269
84.7; 100; 10.71; 205.252; 101.127; 101.127; 95.5977; 98.7207; 10.71; 205.252; 13.89; 400; 101.127; flow_0.6; 101.127; 98.9269
84.8; 100; 10.71; 206.323; 101.127; 101.127; 95.5977; 98.7436; 10.71; 206.323; 13.89; 400; 101.127; flow_0.6; 101.127; 98.9269
84.9; 100; 10.71; 207.394; 101.127; 101.127; 95.5977; 98.7665; 10.71; 207.394; 13.89; 400; 101.127; flow_0.6; 101.127; 98.9269
85; 100; 10.71; 208.465; 101.127; 101.127; 95.5977; 98.7894; 10.71; 208.465; 13.89; 400; 101.127; flow_0.6; 101.127; 98.9269
85.1; 100; 10.71; 209.536; 101.127; 101.127; 95.5977; 98.8123; 10.71; 209.536; 13.89; 400; 101.127; flow_0.6; 101.127; 98.9269
85.2; 100; 10.71; 210.607; 101.127; 101.127; 95.5977; 98.8352; 10.71; 210.607; 13.89; 400; 101.127; flow_0.6; 101.127; 98.9269
85.3; 100; 10.71; 211.678; 101.127; 101.127; 95.5977; 98.8581; 10.71; 211.678; 13.89; 400; 101.127; flow_0.6; 101.127; 98.9269
85.4; 100; 10.72; 212.749; 101.127; 101.127; 95.5977; 98.881; 10.71; 212.749; 13.89; 400; 101.127; flow_0.6; 101.127; 98.9269
85.5; 100; 10.73; 213.821; 101.127; 101.127; 95.5977; 98.9038; 10.72; 213.821; 13.89; 400; 101.127; flow_0.6; 101.127; 98.9269
85.6; 100; 10.74; 214.894; 101.127; 101.127; 95.5977; 98.9266; 10.73; 214.894; 13.89; 400; 101.127; flow_0.6; 101.127; 98.9269
85.7; 100; 10.75; 215.968; 101.127; 101.127; 95.5977; 98.9492; 10.74; 215.968; 13.89; 400; 101.127; flow_0.6; 101.127; 98.9269
85.8; 100; 10.76; 217.043; 101.127; 101.127; 95.5977; 98.9719; 10.75; 217.043; 13.89; 400; 101.127; flow_0.7; 101.127; 98.9269
85.9; 100; 10.77; 218.119; 101.127; 101.127; 95.5977; 98.9944; 10.76; 218.119; 13.89; 400; 101.127; flow_0.7; 101.127; 98.9269
86; 100; 10.78; 219.196; 101.127; 101.127; 95.5977; 99.0169; 10.77; 219.196; 13.89; 400; 101.127; flow_0.7; 101.127; 98.9269
86.1; 100; 10.79; 220.274; 101.127; 101.127; 95.5977; 99.0392; 10.78; 220.274; 13.89; 400; 101.127; flow_0.7; 101.127; 98.9269
86.2; 100; 10.8; 221.353; 101.127; 101.127; 95.5977; 99.0616; 10.79; 221.353; 13.89; 400; 101.127; flow_0.7; 101.127; 98.9269
86.3; 100; 10.81; 222.433; 101.127; 101.127; 95.5977; 99.0838; 10.8; 222.433; 13.89; 400; 101.127; flow_0.7; 101.127; 98.9269
86.4; 100; 10.82; 223.514; 101.127; 101.127; 95.5977; 99.106; 10.81; 223.514; 13.89; 400; 101.127; flow_0.7; 101.127; 98.9269
86.5; 100; 10.83; 224.596; 101.127; 101.127; 95.5977; 99.1281; 10.82; 224.596; 13.89; 400; 101.127; flow_0.7; 101.127; 98.9269
86.6; 100; 10.84; 225.679; 101.127; 101.127; 95.5977; 99.1501; 10.83; 225.679; 13.89; 400; 101.127; flow_0.7; 101.127; 98.9269
86.7; 100; 10.85; 226.763; 101.127; 101.127; 95.5977; 99.1721; 10.84; 226.763; 13.89; 400; 101.127; flow_0.7; 101.127; 98.9269
86.8; 100; 10.86; 227.848; 101.127; 101.127; 95.5977; 99.194; 10.85; 227.848; 13.89; 400; 101.127; flow_0.7; 101.127; 98.9269
86.9; 100; 10.87; 228.934; 101.127; 101.127; 95.5977; 99.2158; 10.86; 228.934; 13.89; 400; 101.127; flow_0.7; 101.127; 98.9269
87; 100; 10.88; 230.021; 101.127; 101.127; 95.5977; 99.2375; 10.87; 230.021; 13.89; 400; 101.127; flow_0.7; 101.127; 98.9269
87.1; 100; 10.89; 231.109; 101.127; 101.127; 95.5977; 99.2592; 10.88; 231.109; 13.89; 400; 101.127; flow_0.7; 101.127; 98.9269
87.2; 100; 10.9; 232.198; 101.127; 101.127; 95.5977; 99.2808; 10.89; 232.198; 13.89; 400; 101.127; flow_0.7; 101.127; 98.9269
87.3; 100; 10.91; 233.288; 101.127; 101.127; 95.5977; 99.3023; 10.9; 233.288; 13.89; 400; 101.127; flow_0.7; 101.127; 98.9269
87.4; 100; 10.92; 234.379; 101.127; 101.127; 95.5977; 99.3238; 10.91; 234.379; 13.89; 400; 101.127; flow_0.7; 101.127; 98.9269
87.5; 100; 10.93; 235.471; 101.127; 101.127; 95.5977; 99.3451; 10.92; 235.471; 13.89; 400; 101.127; flow_0.7; 101.127; 98.9269
87.6; 100; 10.94; 236.564; 101.127; 101.127; 95.5977; 99.3665; 10.93; 236.564; 13.89; 400; 101.127; flow_0.7; 101.127; 98.9269
87.7; 100; 10.95; 237.658; 101.127; 101.127; 95.5977; 99.3877; 10.94; 237.658; 13.89; 400; 101.127; flow_0.7; 101.127; 98.9269
87.8; 100; 10.96; 238.753; 101.127; 101.127; 95.5977; 99.4089; 10.95; 238.753; 13.89; 400; 101.127; flow_0.7; 101.127; 98.9269
87.9; 100; 10.97; 239.849; 101.127; 101.127; 95.5977; 99.43; 10.96; 239.849; 13.89; 400; 101.127; flow_0.7; 101.127; 98.9269
88; 100; 10.98; 240.946; 101.127; 101.127; 95.5977; 99.451; 10.97; 240.946; 13.89; 400; 101.127; flow_1.6; 101.127; 98.9269
88.1; 100; 10.99; 242.044; 101.127; 101.127; 95.5977; 99.4719; 10.98; 242.044; 13.89; 400; 101.127; flow_1.6; 101.127; 98.9269
88.2; 100; 11; 243.143; 101.127; 101.127; 95.5977; 99.4928; 10.99; 243.143; 13.89; 400; 101.127; flow_1.6; 101.127; 98.9269
88.3; 100; 11.01; 244.243; 101.127; 101.127; 95.5977; 99.5136; 11; 244.243; 13.89; 400; 101.127; flow_1.6; 101.127; 98.9269
88.4; 100; 11.02; 245.344; 101.127; 101.127; 95.5977; 99.5344; 11.01; 245.344; 13.89; 400; 101.127; flow_1.6; 101.127; 98.9269
88.5; 100; 11.03; 246.446; 101.127; 101.127; 95.5977; 99.555; 11.02; 246.446; 13.89; 400; 101.127; flow_1.6; 101.127; 98.9269
88.6; 100; 11.04; 247.549; 101.127; 101.127; 95.5977; 99.5756; 11.03; 247.549; 13.89; 400; 101.127; flow_1.6; 101.127; 98.9269
88.7; 100; 11.05; 248.653; 101.127; 101.127; 95.5977; 99.5961; 11.04; 248.653; 13.89; 400; 101.127; flow_1.6; 101.127; 98.9269
88.8; 100; 11.06; 249.758; 101.127; 101.127; 95.5977; 99.6166; 11.05; 249.758; 13.89; 400; 101.127; flow_1.6; 101.127; 98.9269
88.9; 100; 11.07; 250.864; 101.127; 101.127; 95.5977; 99.6369; 11.06; 250.864; 13.89; 400; 101.127; flow_1.6; 101.127; 98.9269
89; 100; 11.08; 251.971; 101.127; 101.127; 95.5977; 99.6572; 11.07; 251.971; 13.89; 400; 101.127; flow_1.6; 101.127; 98.9269
89.1; 100; 11.09; 253.079; 101.127; 101.127; 95.5977; 99.6775; 11.08; 253.079; 13.89; 400; 101.127; flow_1.6; 101.127; 98.9269
89.2; 100; 11.1; 254.188; 101.127; 101.127; 95.5977; 99.6976; 11.09; 254.188; 13.89; 400; 101.127; flow_1.6; 101.127; 98.9269
89.3; 100; 11.11; 255.298; 101.127; 101.127; 95.5977; 99.7177; 11.1; 255.298; 13.89; 400; 101.127; flow_1.6; 101.127; 98.9269
89.4; 100; 11.12; 256.409; 101.127; 101.127; 95.5977; 99.7377; 11.11; 256.409; 13.89; 400; 101.127; flow_1.6; 101.127; 98.9269
89.5; 100; 11.13; 257.521; 101.127; 101.127; 95.5977; 99.7577; 11.12; 257.521; 13.89; 400; 101.127; flow_1.6; 101.127; 98.9269
89.6; 100; 11.14; 258.634; 101.127; 101.127; 95.5977; 99.7775; 11.13; 258.634; 13.89; 400; 101.127; flow_1.6; 101.127; 98.9269
89.7; 100; 11.15; 259.748; 101.127; 101.127; 95.5977; 99.7973; 11.14; 259.748; 13.89; 400; 101.127; flow_1.6; 101.127; 98.9269
89.8; 100; 11.16; 260.863; 101.127; 101.127; 95.5977; 99.8171; 11.15; 260.863; 13.89; 400; 101.127; flow_1.6; 101.127; 98.9269
89.9; 100; 11.17; 261.979; 101.127; 101.127; 95.5977; 99.8367; 11.16; 261.979; 13.89; 400; 101.127; flow_1.6; 101.127; 98.9269
90; 100; 11.18; 263.096; 101.127; 101.127; 95.5977; 99.8563; 11.17; 263.096; 13.89; 400; 101.127; flow_1.6; 101.127; 98.9269
90.1; 100; 11.19; 264.214; 101.127; 101.127; 95.5977; 99.8758; 11.18; 264.214; 13.89; 400; 101.127; flow_1.6; 101.127; 98.9269
90.2; 100; 11.2; 265.333; 101.127; 101.127; 95.5977; 99.8953; 11.19; 265.333; 13.89; 400; 101.127; flow_1.6; 101.127; 98.9269
90.3; 100; 11.21; 266.453; 101.127; 101.127; 95.5977; 99.9146; 11.2; 266.453; 13.89; 400; 101.127; flow_0.8; 101.127; 98.9269
90.4; 100; 11.22; 267.574; 101.127; 101.127; 95.5977; 99.9339; 11.21; 267.574; 13.89; 400; 101.127; flow_0.8; 101.127; 98.9269
90.5; 100; 11.23; 268.696; 101.127; 101.127; 95.5977; 99.9531; 11.22; 268.696; 13.89; 400; 101.127; flow_0.8; 101.127; 98.9269
90.6; 100; 11.24; 269.819; 101.127; 101.127; 95.5977; 99.9723; 11.23; 269.819; 13.89; 400; 101.127; flow_0.8; 101.127; 98.9269
90.7; 100; 11.25; 270.943; 101.127; 101.127; 95.5977; 99.9914; 11.24; 270.943; 13.89; 400; 101.127; flow_0.8; 101.127; 98.9269
90.8; 100; 11.27; 272.068; 101.127; 101.127; 95.5977; 100.01; 11.25; 272.068; 13.89; 400; 101.127; flow_0.8; 101.127; 98.9269
90.9; 100; 11.29; 273.195; 101.127; 101.127; 95.5977; 100.029; 11.27; 273.195; 13.89; 400; 101.127; flow_0.8; 101.127; 98.9269
91; 100; 11.31; 274.324; 101.127; 101.127; 95.5977; 100.048; 11.29; 274.324; 13.89; 400; 101.127; flow_0.8; 101.127; 98.9269
91.1; 100; 11.33; 275.455; 101.127; 101.127; 95.5977; 100.067; 11.31; 275.455; 13.89; 400; 101.127; flow_0.8; 101.127; 98.9269
91.2; 100; 11.35; 276.588; 101.127; 101.127; 95.5977; 100.085; 11.33; 276.588; 13.89; 400; 101.127; flow_0.8; 101.127; 98.9269
91.3; 100; 11.37; 277.723; 101.127; 101.127; 95.5977; 100.103; 11.35; 277.723; 13.89; 400; 101.127; flow_0.8; 101.127; 98.9269
91.4; 100; 11.39; 278.86; 101.127; 101.127; 95.5977; 100.121; 11.37; 278.86; 13.89; 400; 101.127; flow_0.8; 101.127; 98.9269
91.5; 100; 11.41; 279.999; 101.127; 101.127; 95.5977; 100.139; 11.39; 279.999; 13.89; 400; 101.127; flow_0.8; 101.127; 98.9269
91.6; 100; 11.43; 281.14; 101.127; 101.127; 95.5977; 100.157; 11.41; 281.14; 13.89; 400; 101.127; flow_0.8; 101.127; 98.9269
91.7; 100; 11.45; 282.283; 101.127; 101.127; 95.5977; 100.175; 11.43; 282.283; 13.89; 400; 101.127; flow_0.8; 101.127; 98.9269
91.8; 100; 11.47; 283.428; 101.127; 101.127; 95.5977; 100.193; 11.45; 283.428; 13.89; 400; 101.127; flow_0.8; 101.127; 98.9269
91.9; 100; 11.49; 284.575; 101.127; 101.127; 95.5977; 100.21; 11.47; 284.575; 13.89; 400; 101.127; flow_0.8; 101.127; 98.9269
92; 100; 11.51; 285.724; 101.127; 101.127; 95.5977; 100.227; 11.49; 285.724; 13.89; 400; 101.127; flow_0.8; 101.127; 98.9269
92.1; 100; 11.53; 286.875; 101.127; 101.127; 95.5977; 100.244; 11.51; 286.875; 13.89; 400; 101.127; flow_0.8; 101.127; 98.9269
92.2; 100; 11.55; 288.028; 101.127; 101.127; 95.5977; 100.261; 11.53; 288.028; 13.89; 400; 101.127; flow_0.8; 101.127; 98.9269
92.3; 100; 11.57; 289.183; 101.127; 101.127; 95.5977; 100.278; 11.55; 289.183; 13.89; 400; 101.127; flow_0.8; 101.127; 98.9269
92.4; 100; 11.59; 290.34; 101.127; 101.127; 95.5977; 100.295; 11.57; 290.34; 13.89; 400; 101.127; flow_0.9; 101.127; 98.9269
92.5; 100; 11.61; 291.499; 101.127; 101.127; 95.5977; 100.311; 11.59; 291.499; 13.89; 400; 101.127; flow_0.9; 101.127; 98.9269
92.6; 100; 11.63; 292.66; 101.127; 101.127; 95.5977; 100.328; 11.61; 292.66; 13.89; 400; 101.127; flow_0.9; 101.127; 98.9269
92.7; 100; 11.65; 293.823; 101.127; 101.127; 95.5977; 100.344; 11.63; 293.823; 13.89; 400; 101.127; flow_0.9; 101.127; 98.9269
92.8; 100; 11.67; 294.988; 101.127; 101.127; 95.5977; 100.36; 11.65; 294.988; 13.89; 400; 101.127; flow_0.9; 101.127; 98.9269
92.9; 100; 11.69; 296.155; 101.127; 101.127; 95.5977; 100.376; 11.67; 296.155; 13.89; 400; 101.127; flow_0.9; 101.127; 98.9269
93; 100; 11.71; 297.324; 101.127; 101.127; 95.5977; 100.392; 11.69; 297.324; 13.89; 400; 101.127; flow_0.9; 101.127; 98.9269
93.1; 100; 11.73; 298.495; 101.127; 101.127; 95.5977; 100.408; 11.71; 298.495; 13.89; 400; 101.127; flow_0.9; 101.127; 98.9269
93.2; 100; 11.75; 299.668; 101.127; 101.127; 95.5977; 100.423; 11.73; 299.668; 13.89; 400; 101.127; flow_0.9; 101.127; 98.9269
93.3; 100; 11.77; 300.843; 101.127; 101.127; 95.5977; 100.439; 11.75; 300.843; 13.89; 400; 101.127; flow_0.9; 101.127; 98.9269
93.4; 100; 11.79; 302.02; 101.127; 101.127; 95.5977; 100.454; 11.77; 302.02; 13.89; 400; 101.127; flow_0.9; 101.127; 98.9269
93.5; 100; 11.81; 303.199; 101.127; 101.127; 95.5977; 100.469; 11.79; 303.199; 13.89; 400; 101.127; flow_0.9; 101.127; 98.9269
93.6; 100; 11.83; 304.38; 101.127; 101.127; 95.5977; 100.484; 11.81; 304.38; 13.89; 400; 101.127; flow_0.9; 101.127; 98.9269
93.7; 100; 11.85; 305.563; 101.127; 101.127; 95.5977; 100.499; 11.83; 305.563; 13.89; 400; 101.127; flow_0.9; 101.127; 98.9269
93.8; 100; 11.87; 306.748; 101.127; 101.127; 95.5977; 100.514; 11.85; 306.748; 13.89; 400; 101.127; flow_0.9; 101.127; 98.9269
93.9; 100; 11.89; 307.935; 101.127; 101.127; 95.5977; 100.528; 11.87; 307.935; 13.89; 400; 101.127; flow_0.9; 101.127; 98.9269
94; 100; 11.91; 309.124; 101.127; 101.127; 95.5977; 100.543; 11.89; 309.124; 13.89; 400; 101.127; flow_0.9; 101.127; 98.9269
94.1; 100; 11.93; 310.315; 101.127; 101.127; 95.5977; 100.557; 11.91; 310.315; 13.89; 400; 101.127; flow_0.9; 101.127; 98.9269
94.2; 100; 11.95; 311.508; 101.127; 101.127; 95.5977; 100.571; 11.93; 311.508; 13.89; 400; 101.127; flow_0.9; 101.127; 98.9269
94.3; 100; 11.97; 312.703; 101.127; 101.127; 95.5977; 100.585; 11.95; 312.703; 13.89; 400; 101.127; flow_0.9; 101.127; 98.9269
94.4; 100; 11.99; 313.9; 101.127; 101.127; 95.5977; 100.599; 11.97; 313.9; 13.89; 400; 101.127; flow_0.9; 101.127; 98.9269
94.5; 100; 12.01; 315.099; 101.127; 101.127; 95.5977; 100.612; 11.99; 315.099; 13.89; 400; 101.127; flow_0.9; 101.127; 98.9269
94.6; 100; 12.03; 316.3; 101.127; 101.127; 95.5977; 100.626; 12.01; 316.3; 13.89; 400; 101.127; flow_1.7; 101.127; 98.9269
94.7; 100; 12.05; 317.503; 101.127; 101.127; 95.5977; 100.639; 12.03; 317.503; 13.89; 400; 101.127; flow_1.7; 101.127; 98.9269
94.8; 100; 12.07; 318.708; 101.127; 101.127; 95.5977; 100.653; 12.05; 318.708; 13.89; 400; 101.127; flow_1.7; 101.127; 98.9269
94.9; 100; 12.09; 319.915; 101.127; 101.127; 95.5977; 100.666; 12.07; 319.915; 13.89; 400; 101.127; flow_1.7; 101.127; 98.9269
95; 100; 12.11; 321.124; 101.127; 101.127; 95.5977; 100.679; 12.09; 321.124; 13.89; 400; 101.127; flow_1.7; 101.127; 98.9269
95.1; 100; 12.13; 322.335; 101.127; 101.127; 95.5977; 100.691; 12.11; 322.335; 13.89; 400; 101.127; flow_1.7; 101.127; 98.9269
95.2; 100; 12.15; 323.548; 101.127; 101.127; 95.5977; 100.704; 12.13; 323.548; 13.89; 400; 101.127; flow_1.7; 101.127; 98.9269
95.3; 100; 12.17; 324.763; 101.127; 101.127; 95.5977; 100.717; 12.15; 324.763; 13.89; 400; 101.127; flow_1.7; 101.127; 98.9269
95.4; 100; 12.19; 325.98; 101.127; 101.127; 95.5977; 100.729; 12.17; 325.98; 13.89; 400; 101.127; flow_1.7; 101.127; 98.9269
95.5; 100; 12.21; 327.199; 101.127; 101.127; 95.5977; 100.741; 12.19; 327.199; 13.89; 400; 101.127; flow_1.7; 101.127; 98.9269
95.6; 100; 12.23; 328.42; 101.127; 101.127; 95.5977; 100.753; 12.21; 328.42; 13.89; 400; 101.127; flow_1.7; 101.127; 98.9269
95.7; 100; 12.25; 329.643; 101.127; 101.127; 95.5977; 100.765; 12.23; 329.643; 13.89; 400; 101.127; flow_1.7; 101.127; 98.9269
95.8; 100; 12.27; 330.868; 101.127; 101.127; 95.5977; 100.777; 12.25; 330.868; 13.89; 400; 101.127; flow_1.7; 101.127; 98.9269
95.9; 100; 12.29; 332.095; 101.127; 101.127; 95.5977; 100.789; 12.27; 332.095; 13.89; 400; 101.127; flow_1.7; 101.127; 98.9269
96; 100; 12.31; 333.324; 101.127; 101.127; 95.5977; 100.8; 12.29; 333.324; 13.89; 400; 101.127; flow_1.7; 101.127; 98.9269
96.1; 100; 12.33; 334.555; 101.127; 101.127; 95.5977; 100.812; 12.31; 334.555; 13.89; 400; 101.127; flow_1.7; 101.127; 98.9269
96.2; 100; 12.35; 335.788; 101.127; 101.127; 95.5977; 100.823; 12.33; 335.788; 13.89; 400; 101.127; flow_1.7; 101.127; 98.9269
96.3; 100; 12.37; 337.023; 101.127; 101.127; 95.5977; 100.834; 12.35; 337.023; 13.89; 400; 101.127; flow_1.7; 101.127; 98.9269
96.4; 100; 12.39; 338.26; 101.127; 101.127; 95.5977; 100.845; 12.37; 338.26; 13.89; 400; 101.127; flow_1.7; 101.127; 98.9269
96.5; 100; 12.41; 339.499; 101.127; 101.127; 95.5977; 100.856; 12.39; 339.499; 13.89; 400; 101.127; flow_1.7; 101.127; 98.9269
96.6; 100; 12.43; 340.74; 101.127; 101.127; 95.5977; 100.866; 12.41; 340.74; 13.89; 400; 101.127; flow_1.7; 101.127; 98.9269
96.7; 100; 12.46; 341.983; 101.127; 101.127; 95.5977; 100.877; 12.43; 341.983; 13.89; 400; 101.127; flow_1.7; 101.127; 98.9269
96.8; 100; 12.49; 343.229; 101.127; 101.127; 95.5977; 100.887; 12.46; 343.229; 13.89; 400; 101.127; flow_1.7; 101.127; 98.9269
96.9; 100; 12.52; 344.478; 101.127; 101.127; 95.5977; 100.897; 12.49; 344.478; 13.89; 400; 101.127; flow_1.8; 101.127; 98.9269
97; 100; 12.55; 345.73; 101.127; 101.127; 95.5977; 100.907; 12.52; 345.73; 13.89; 400; 101.127; flow_1.8; 101.127; 98.9269
97.1; 100; 12.58; 346.985; 101.127; 101.127; 95.5977; 100.917; 12.55; 346.985; 13.89; 400; 101.127; flow_1.8; 101.127; 98.9269
97.2; 100; 12.61; 348.243; 101.127; 101.127; 95.5977; 100.926; 12.58; 348.243; 13.89; 400; 101.127; flow_1.8; 101.127; 98.9269
97.3; 100; 12.64; 349.504; 101.127; 101.127; 95.5977; 100.935; 12.61; 349.504; 13.89; 400; 101.127; flow_1.8; 101.127; 98.9269
97.4; 100; 12.66; 350.768; 101.127; 101.127; 95.5977; 100.944; 12.64; 350.768; 13.89; 400; 101.127; flow_1.8; 101.127; 98.9269
97.5; 100; 12.69; 352.034; 101.127; 101.127; 95.5977; 100.953; 12.66; 352.034; 13.89; 400; 101.127; flow_1.8; 101.127; 98.9269
97.6; 100; 12.72; 353.303; 101.127; 101.127; 95.5977; 100.962; 12.69; 353.303; 13.89; 400; 101.127; flow_1.8; 101.127; 98.9269
97.7; 100; 12.75; 354.575; 101.127; 101.127; 95.5977; 100.97; 12.72; 354.575; 13.89; 400; 101.127; flow_1.8; 101.127; 98.9269
97.8; 100; 12.78; 355.85; 101.127; 101.127; 95.5977; 100.979; 12.75; 355.85; 13.89; 400; 101.127; flow_1.8; 101.127; 98.9269
97.9; 100; 12.81; 357.128; 101.127; 101.127; 95.5977; 100.987; 12.78; 357.128; 13.89; 400; 101.127; flow_1.8; 101.127; 98.9269
98; 100; 12.84; 358.409; 101.127; 101.127; 95.5977; 100.994; 12.81; 358.409; 13.89; 400; 101.127; flow_1.8; 101.127; 98.9269
98.1; 100; 12.87; 359.693; 101.127; 101.127; 95.5977; 101.002; 12.84; 359.693; 13.89; 400; 101.127; flow_1.8; 101.127; 98.9269
98.2; 100; 12.9; 360.98; 101.127; 101.127; 95.5977; 101.009; 12.87; 360.98; 13.89; 400; 101.127; flow_1.8; 101.127; 98.9269
98.3; 100; 12.93; 362.27; 101.127; 101.127; 95.5977; 101.016; 12.9; 362.27; 13.89; 400; 101.127; flow_1.8; 101.127; 98.9269
98.4; 100; 12.96; 363.563; 101.127; 101.127; 95.5977; 101.023; 12.93; 363.563; 13.89; 400; 101.127; flow_1.8; 101.127; 98.9269
98.5; 100; 12.98; 364.859; 101.127; 101.127; 95.5977; 101.03; 12.96; 364.859; 13.89; 400; 101.127; flow_1.8; 101.127; 98.9269
98.6; 100; 13.01; 366.157; 101.127; 101.127; 95.5977; 101.037; 12.98; 366.157; 13.89; 400; 101.127; flow_1.8; 101.127; 98.9269
98.7; 100; 13.04; 367.458; 101.127; 101.127; 95.5977; 101.043; 13.01; 367.458; 13.89; 400; 101.127; flow_1.8; 101.127; 98.9269
98.8; 100; 13.07; 368.762; 101.127; 101.127; 95.5977; 101.049; 13.04; 368.762; 13.89; 400; 101.127; flow_1.8; 101.127; 98.9269
98.9; 100; 13.1; 370.069; 101.127; 101.127; 95.5977; 101.055; 13.07; 370.069; 13.89; 400; 101.127; flow_1.8; 101.127; 98.9269
99; 100; 13.13; 371.379; 101.127; 101.127; 95.5977; 101.061; 13.1; 371.379; 13.89; 400; 101.127; flow_1.8; 101.127; 98.9269
99.1; 100; 13.16; 372.692; 101.127; 101.127; 95.5977; 101.066; 13.13; 372.692; 13.89; 400; 101.127; flow_0.10; 101.127; 0
99.2; 100; 13.19; 374.008; 101.127; 101.127; 95.5977; 101.071; 13.16; 374.008; 13.89; 400; 101.127; flow_0.10; 101.127; 0
99.3; 100; 13.22; 375.327; 101.127; 101.127; 95.5977; 101.076; 13.19; 375.327; 13.89; 400; 101.127; flow_0.10; 101.127; 0
99.4; 100; 13.25; 376.649; 101.127; 101.127; 95.5977; 101.081; 13.22; 376.649; 13.89; 400; 101.127; flow_0.10; 101.127; 0
99.5; 100; 13.28; 377.974; 101.127; 101.127; 95.5977; 101.086; 13.25; 377.974; 13.89; 400; 101.127; flow_0.10; 101.127; 0
99.6; 100; 13.31; 379.302; 101.127; 101.127; 95.5977; 101.09; 13.28; 379.302; 13.89; 400; 101.127; flow_0.10; 101.127; 0
99.7; 100; 13.34; 380.633; 101.127; 101.127; 95.5977; 101.094; 13.31; 380.633; 13.89; 400; 101.127; flow_0.10; 101.127; 0
99.8; 100; 13.37; 381.967; 101.127; 101.127; 95.5977; 101.098; 13.34; 381.967; 13.89; 400; 101.127; flow_0.10; 101.127; 0
99.9; 100; 13.4; 383.304; 101.127; 101.127; 95.5977; 101.102; 13.37; 383.304; 13.89; 400; 101.127; flow_0.10; 101.127; 0
100; 100; 13.43; 384.644; 101.127; 101.127; 95.5977; 101.106; 13.4; 384.644; 13.89; 400; 101.127; flow_0.10; 101.127; 0
100.1; 100; 13.47; 385.987; 101.127; 101.127; 95.5977; 101.109; 13.43; 385.987; 13.89; 400; 101.127; flow_0.10; 101.127; 0
100.2; 100; 13.51; 387.334; 101.127; 101.127; 95.5977; 101.112; 13.47; 387.334; 13.89; 400; 101.127; flow_0.10; 101.127; 0
100.3; 100; 13.55; 388.685; 101.127; 101.127; 95.5977; 101.115; 13.51; 388.685; 13.89; 400; 101.127; flow_0.10; 101.127; 0
100.4; 100; 13.58; 390.04; 101.127; 101.127; 95.5977; 101.117; 13.55; 390.04; 13.89; 400; 101.127; flow_0.10; 101.127; 0
100.5; 100; 13.62; 391.398; 101.127; 101.127; 95.5977; 101.119; 13.58; 391.398; 13.89; 400; 101.127; flow_0.10; 101.127; 0
100.6; 100; 13.66; 392.76; 101.127; 101.127; 95.5977; 101.121; 13.62; 392.76; 13.89; 400; 101.127; flow_0.10; 101.127; 0
100.7; 100; 13.7; 394.126; 101.127; 101.127; 95.5977; 101.123; 13.66; 394.126; 13.89; 400; 101.127; flow_0.10; 101.127; 0
100.8; 100; 13.74; 395.496; 101.127; 101.127; 95.5977; 101.124; 13.7; 395.496; 13.89; 400; 101.127; flow_0.10; 101.127; 0
100.9; 100; 13.89; 396.87; 101.127; 101.127; 95.5977; 101.125; 13.74; 396.87; 13.89; 400; 101.127; flow_0.10; 101.127; 0
101; 100; 13.89; 398.259; 101.127; 101.127; 95.5977; 101.125; 13.89; 398.259; 13.89; 400; 101.127; flow_0.10; 101.127; 0
