72.6; 200; 13.53; 1.69052; 108.6; 108.6; 101.398; 101.276; 13.9961; 1.69052; 13.89; 400; 108.6; flow_1.3; 0; 105
72.7; 200; 13.52; 3.09012; 108.6; 108.6; 101.398; 101.275; 13.9958; 3.09012; 13.89; 400; 108.6; flow_1.3; 108.6; 105
72.8; 200; 13.52; 4.48941; 108.6; 108.6; 101.398; 101.274; 13.9931; 4.48941; 13.89; 400; 108.6; flow_1.3; 108.6; 105
72.9; 200; 13.51; 5.88818; 108.6; 108.6; 101.398; 101.274; 13.9876; 5.88818; 13.89; 400; 108.6; flow_1.3; 108.6; 105
73; 200; 13.5; 7.28622; 108.6; 108.6; 101.398; 101.273; 13.9805; 7.28622; 13.89; 400; 108.6; flow_1.3; 108.6; 105
73.1; 200; 13.49; 8.68344; 108.6; 108.6; 101.398; 101.273; 13.9723; 8.68344; 13.89; 400; 108.6; flow_1.3; 108.6; 105
73.2; 200; 13.47; 10.0794; 108.7; 108.7; 101.398; 101.272; 13.9598; 10.0794; 13.89; 400; 108.7; flow_1.3; 108.6; 105.1
73.3; 200; 13.45; 11.4734; 108.7; 108.7; 101.398; 101.272; 13.9401; 11.4734; 13.89; 400; 108.7; flow_1.3; 108.7; 105.1
73.4; 200; 13.43; 12.8649; 108.7; 108.7; 101.398; 101.272; 13.9143; 12.8649; 13.89; 400; 108.7; flow_1.3; 108.7; 105.1
73.5; 200; 13.36; 14.2532; 109.9; 109.9; 101.398; 101.272; 13.8838; 14.2532; 13.89; 400; 109.9; flow_1.3; 108.7; 106.3
73.6; 200; 13.32; 15.6381; 109.9; 109.9; 101.398; 101.272; 13.8486; 15.6381; 13.89; 400; 109.9; flow_1.3; 109.9; 106.3
73.7; 200; 13.28; 17.0187; 109.9; 109.9; 101.398; 101.272; 13.8057; 17.0187; 13.89; 400; 109.9; flow_1.3; 109.9; 106.3
73.8; 200; 13.23; 18.3943; 109.9; 109.9; 101.398; 101.273; 13.7566; 18.3943; 13.89; 400; 109.9; flow_1.3; 109.9; 106.3
73.9; 200; 13.18; 19.7646; 109.9; 109.9; 101.398; 101.275; 13.703; 19.7646; 13.89; 400; 109.9; flow_1.3; 109.9; 106.3
74; 200; 13.13; 21.1292; 109.9; 109.9; 101.398; 101.277; 13.6452; 21.1292; 13.89; 400; 109.9; flow_1.3; 109.9; 106.3
74.1; 200; 13.07; 22.4875; 109.9; 109.9; 101.398; 101.279; 13.5838; 22.4875; 13.89; 400; 109.9; flow_1.3; 109.9; 106.3
74.2; 200; 13.01; 23.8395; 109.9; 109.9; 101.398; 101.281; 13.5194; 23.8395; 13.89; 400; 109.9; flow_1.3; 109.9; 106.3
74.3; 200; 12.95; 25.1846; 109.9; 109.9; 101.398; 101.285; 13.4516; 25.1846; 13.89; 400; 109.9; flow_1.3; 109.9; 106.3
74.4; 200; 12.88; 26.5227; 109.9; 109.9; 101.398; 101.288; 13.3807; 26.5227; 13.89; 400; 109.9; flow_1.3; 109.9; 106.3
74.5; 200; 12.82; 27.8534; 109.9; 109.9; 101.398; 101.292; 13.3069; 27.8534; 13.89; 400; 109.9; flow_1.3; 109.9; 106.3
74.6; 200; 12.74; 29.1764; 109.9; 109.9; 101.398; 101.297; 13.2302; 29.1764; 13.89; 400; 109.9; flow_1.3; 109.9; 106.3
74.7; 200; 12.67; 30.4915; 109.9; 109.9; 101.398; 101.302; 13.1512; 30.4915; 13.89; 400; 109.9; flow_1.3; 109.9; 106.3
74.8; 200; 12.59; 31.7985; 110; 110; 101.398; 101.308; 13.0692; 31.7985; 13.89; 400; 110; flow_1.3; 109.9; 106.4
74.9; 200; 12.51; 33.0969; 110; 110; 101.398; 101.315; 12.9845; 33.0969; 13.89; 400; 110; flow_1.3; 110; 106.4
75; 200; 12.43; 34.3866; 110; 110; 101.398; 101.322; 12.8971; 34.3866; 13.89; 400; 110; flow_1.3; 110; 106.4
75.1; 200; 12.35; 35.6673; 110; 110; 101.398; 101.33; 12.807; 35.6673; 13.89; 400; 110; flow_0.2; 110; 106.4
75.2; 200; 12.27; 36.9388; 110; 110; 101.398; 101.338; 12.7147; 36.9388; 13.89; 400; 110; flow_0.2; 110; 106.4
75.3; 200; 12.18; 38.2009; 110; 110; 101.398; 101.347; 12.6208; 38.2009; 13.89; 400; 110; flow_0.2; 110; 106.4
75.4; 200; 12.1; 39.4534; 110; 110; 101.398; 101.357; 12.5256; 39.4534; 13.89; 400; 110; flow_0.2; 110; 106.4
75.5; 200; 12.03; 40.6963; 109.4; 109.4; 101.398; 101.368; 12.4288; 40.6963; 13.89; 400; 109.4; flow_0.2; 110; 105.8
75.6; 200; 11.94; 41.9294; 109.5; 109.5; 101.398; 101.379; 12.3314; 41.9294; 13.89; 400; 109.5; flow_0.2; 109.4; 105.9
75.7; 200; 11.85; 43.1529; 109.5; 109.5; 101.398; 101.391; 12.2347; 43.1529; 13.89; 400; 109.5; flow_0.2; 109.5; 105.9
75.8; 200; 11.76; 44.3667; 109.5; 109.5; 101.398; 101.404; 12.1376; 44.3667; 13.89; 400; 109.5; flow_0.2; 109.5; 105.9
75.9; 200; 11.67; 45.5706; 109.6; 109.6; 101.398; 101.417; 12.0393; 45.5706; 13.89; 400; 109.6; flow_0.2; 109.5; 106
76; 200; 11.58; 46.7646; 109.6; 109.6; 101.398; 101.431; 11.9398; 46.7646; 13.89; 400; 109.6; flow_0.2; 109.6; 106
76.1; 200; 11.49; 47.9485; 109.7; 109.7; 101.398; 101.446; 11.8393; 47.9485; 13.89; 400; 109.7; flow_0.2; 109.6; 106.1
76.2; 200; 11.4; 49.1223; 109.7; 109.7; 101.398; 101.461; 11.7382; 49.1223; 13.89; 400; 109.7; flow_0.2; 109.7; 106.1
76.3; 200; 11.3; 50.286; 109.7; 109.7; 101.398; 101.477; 11.6365; 50.286; 13.89; 400; 109.7; flow_0.2; 109.7; 106.1
76.4; 200; 11.21; 51.4394; 109.7; 109.7; 101.398; 101.494; 11.5344; 51.4394; 13.89; 400; 109.7; flow_0.2; 109.7; 106.1
76.5; 200; 11.12; 52.5826; 109.8; 109.8; 101.398; 101.512; 11.4313; 52.5826; 13.89; 400; 109.8; flow_0.2; 109.7; 106.2
76.6; 200; 11.02; 53.7153; 109.8; 109.8; 101.398; 101.531; 11.3279; 53.7153; 13.89; 400; 109.8; flow_0.2; 109.8; 106.2
76.7; 200; 10.93; 54.8378; 109.8; 109.8; 101.398; 101.55; 11.2245; 54.8378; 13.89; 400; 109.8; flow_0.2; 109.8; 106.2
76.8; 200; 10.84; 55.9499; 109.8; 109.8; 101.398; 101.57; 11.1207; 55.9499; 13.89; 400; 109.8; flow_0.2; 109.8; 106.2
76.9; 200; 10.75; 57.0516; 109.8; 109.8; 101.398; 101.59; 11.0171; 57.0516; 13.89; 400; 109.8; flow_0.2; 109.8; 106.2
77; 200; 10.65; 58.143; 109.9; 109.9; 101.398; 101.612; 10.9142; 58.143; 13.89; 400; 109.9; flow_0.2; 109.8; 106.3
77.1; 200; 10.56; 59.2242; 109.9; 109.9; 101.398; 101.634; 10.8119; 59.2242; 13.89; 400; 109.9; flow_0.3; 109.9; 106.3
77.2; 200; 10.47; 60.2951; 109.9; 109.9; 101.398; 101.657; 10.7094; 60.2951; 13.89; 400; 109.9; flow_0.3; 109.9; 106.3
77.3; 200; 10.38; 61.3559; 109.9; 109.9; 101.398; 101.68; 10.6074; 61.3559; 13.89; 400; 109.9; flow_0.3; 109.9; 106.3
77.4; 200; 10.29; 62.4065; 109.9; 109.9; 101.398; 101.705; 10.5062; 62.4065; 13.89; 400; 109.9; flow_0.3; 109.9; 106.3
77.5; 200; 10.23; 63.448; 109.4; 109.4; 101.398; 101.73; 10.4155; 63.448; 13.89; 400; 109.4; flow_0.3; 109.9; 105.8
77.6; 200; 10.16; 64.4812; 109.4; 109.4; 101.398; 101.755; 10.3319; 64.4812; 13.89; 400; 109.4; flow_0.3; 109.4; 105.8
77.7; 200; 10.07; 65.5054; 109.5; 109.5; 101.398; 101.782; 10.2417; 65.5054; 13.89; 400; 109.5; flow_0.3; 109.4; 105.9
77.8; 200; 9.99; 66.5205; 109.5; 109.5; 101.398; 101.809; 10.1514; 66.5205; 13.89; 400; 109.5; flow_0.3; 109.5; 105.9
77.9; 200; 9.91; 67.5265; 109.5; 109.5; 101.398; 101.836; 10.0602; 67.5265; 13.89; 400; 109.5; flow_0.3; 109.5; 105.9
78; 200; 9.83; 68.5235; 109.6; 109.6; 101.398; 101.864; 9.96999; 68.5235; 13.89; 400; 109.6; flow_0.3; 109.5; 106
78.1; 200; 9.75; 69.5116; 109.6; 109.6; 101.398; 101.893; 9.881; 69.5116; 13.89; 400; 109.6; flow_0.3; 109.6; 106
78.2; 200; 9.67; 70.491; 109.6; 109.6; 101.398; 101.923; 9.79324; 70.491; 13.89; 400; 109.6; flow_0.3; 109.6; 106
78.3; 200; 9.6; 71.4616; 109.6; 109.6; 101.398; 101.953; 9.70677; 71.4616; 13.89; 400; 109.6; flow_0.3; 109.6; 106
78.4; 200; 9.52; 72.4236; 109.7; 109.7; 101.398; 101.984; 9.62013; 72.4236; 13.89; 400; 109.7; flow_0.3; 109.6; 106.1
78.5; 200; 9.45; 73.3776; 109.7; 109.7; 101.398; 102.015; 9.53944; 73.3776; 13.89; 400; 109.7; flow_0.3; 109.7; 106.1
78.6; 200; 9.38; 74.3235; 109.7; 109.7; 101.398; 102.047; 9.45948; 74.3235; 13.89; 400; 109.7; flow_0.3; 109.7; 106.1
78.7; 200; 9.3; 75.261; 109.7; 109.7; 101.398; 102.079; 9.3747; 75.261; 13.89; 400; 109.7; flow_0.3; 109.7; 106.1
78.8; 200; 9.23; 76.1901; 109.7; 109.7; 101.398; 102.112; 9.2908; 76.1901; 13.89; 400; 109.7; flow_0.3; 109.7; 106.1
78.9; 200; 9.16; 77.111; 109.7; 109.7; 101.398; 102.146; 9.20862; 77.111; 13.89; 400; 109.7; flow_0.3; 109.7; 106.1
79; 200; 9.09; 78.0238; 109.7; 109.7; 101.398; 102.18; 9.12862; 78.0238; 13.89; 400; 109.7; flow_0.3; 109.7; 106.1
79.1; 200; 9.02; 78.9289; 109.7; 109.7; 101.398; 102.215; 9.05095; 78.9289; 13.89; 400; 109.7; flow_0.3; 109.7; 106.1
79.2; 200; 8.95; 79.8264; 109.8; 109.8; 101.398; 102.251; 8.97545; 79.8264; 13.89; 400; 109.8; flow_1.4; 109.7; 106.2
79.3; 200; 8.89; 80.7166; 109.8; 109.8; 101.398; 102.287; 8.90173; 80.7166; 13.89; 400; 109.8; flow_1.4; 109.8; 106.2
79.4; 200; 8.83; 81.5996; 109.8; 109.8; 101.398; 102.323; 8.82974; 81.5996; 13.89; 400; 109.8; flow_1.4; 109.8; 106.2
79.5; 200; 8.77; 82.4756; 109.8; 109.8; 101.398; 102.36; 8.76019; 82.4756; 13.89; 400; 109.8; flow_1.4; 109.8; 106.2
79.6; 200; 8.74; 83.3449; 109.4; 109.4; 101.398; 102.397; 8.69324; 83.3449; 13.89; 400; 109.4; flow_1.4; 109.8; 105.8
79.7; 200; 8.68; 84.2079; 109.4; 109.4; 101.398; 102.435; 8.62945; 84.2079; 13.89; 400; 109.4; flow_1.4; 109.4; 105.8
79.8; 200; 8.63; 85.0649; 109.5; 109.5; 101.398; 102.474; 8.57064; 85.0649; 13.89; 400; 109.5; flow_1.4; 109.4; 105.9
79.9; 200; 8.58; 85.9164; 109.5; 109.5; 101.398; 102.512; 8.515; 85.9164; 13.89; 400; 109.5; flow_1.4; 109.5; 105.9
80; 200; 8.54; 86.7626; 109.5; 109.5; 101.398; 102.551; 8.46187; 86.7626; 13.89; 400; 109.5; flow_1.4; 109.5; 105.9
80.1; 200; 8.49; 87.6038; 109.5; 109.5; 101.398; 102.591; 8.41112; 87.6038; 13.89; 400; 109.5; flow_1.4; 109.5; 105.9
80.2; 200; 8.45; 88.4401; 109.6; 109.6; 101.398; 102.631; 8.36303; 88.4401; 13.89; 400; 109.6; flow_1.4; 109.5; 106
80.3; 200; 8.41; 89.2718; 109.6; 109.6; 101.398; 102.671; 8.31699; 89.2718; 13.89; 400; 109.6; flow_1.4; 109.6; 106
80.4; 200; 8.37; 90.0991; 109.6; 109.6; 101.398; 102.711; 8.2732; 90.0991; 13.89; 400; 109.6; flow_1.4; 109.6; 106
80.5; 200; 8.34; 90.9222; 109.6; 109.6; 101.398; 102.752; 8.23163; 90.9222; 13.89; 400; 109.6; flow_1.4; 109.6; 106
80.6; 200; 8.31; 91.7415; 109.6; 109.6; 101.398; 102.793; 8.19226; 91.7415; 13.89; 400; 109.6; flow_1.4; 109.6; 106
80.7; 200; 8.28; 92.557; 109.6; 109.6; 101.398; 102.834; 8.15572; 92.557; 13.89; 400; 109.6; flow_1.4; 109.6; 106
80.8; 200; 8.25; 93.3692; 109.6; 109.6; 101.398; 102.876; 8.1221; 93.3692; 13.89; 400; 109.6; flow_1.4; 109.6; 106
80.9; 200; 8.23; 94.1783; 109.6; 109.6; 101.398; 102.917; 8.09107; 94.1783; 13.89; 400; 109.6; flow_1.4; 109.6; 106
81; 200; 8.2; 94.9846; 109.6; 109.6; 101.398; 102.959; 8.06245; 94.9846; 13.89; 400; 109.6; flow_1.4; 109.6; 106
81.1; 200; 8.18; 95.7882; 109.6; 109.6; 101.398; 103.001; 8.03649; 95.7882; 13.89; 400; 109.6; flow_1.4; 109.6; 106
81.2; 200; 8.16; 96.5895; 109.6; 109.6; 101.398; 103.044; 8.01251; 96.5895; 13.89; 400; 109.6; flow_1.4; 109.6; 106
81.3; 200; 8.15; 97.3885; 109.6; 109.6; 101.398; 103.086; 7.99071; 97.3885; 13.89; 400; 109.6; flow_1.5; 109.6; 106
81.4; 200; 8.13; 98.1857; 109.6; 109.6; 101.398; 103.129; 7.97133; 98.1857; 13.89; 400; 109.6; flow_1.5; 109.6; 106
81.5; 200; 8.12; 98.9812; 109.6; 109.6; 101.398; 103.172; 7.95465; 98.9812; 13.89; 400; 109.6; flow_1.5; 109.6; 106
81.6; 200; 8.11; 99.7752; 109.6; 109.6; 101.398; 103.214; 7.94037; 99.7752; 13.89; 400; 109.6; flow_1.5; 109.6; 106
81.7; 200; 8.12; 100.568; 109.4; 109.4; 101.398; 103.257; 7.92918; 100.568; 13.89; 400; 109.4; flow_1.5; 109.6; 105.8
81.8; 200; 8.12; 101.36; 109.4; 109.4; 101.398; 103.3; 7.92131; 101.36; 13.89; 400; 109.4; flow_1.5; 109.4; 105.8
81.9; 200; 8.12; 102.152; 109.4; 109.4; 101.398; 103.343; 7.91474; 102.152; 13.89; 400; 109.4; flow_1.5; 109.4; 105.8
82; 200; 8.11; 102.943; 109.5; 109.5; 101.398; 103.386; 7.90862; 102.943; 13.89; 400; 109.5; flow_1.5; 109.4; 105.9
82.1; 200; 8.1; 103.733; 109.5; 109.5; 101.398; 103.43; 7.9028; 103.733; 13.89; 400; 109.5; flow_1.5; 109.5; 105.9
82.2; 200; 8.1; 104.523; 109.5; 109.5; 101.398; 103.473; 7.89721; 104.523; 13.89; 400; 109.5; flow_1.5; 109.5; 105.9
82.3; 200; 8.1; 105.312; 109.5; 109.5; 101.398; 103.516; 7.89178; 105.312; 13.89; 400; 109.5; flow_1.5; 109.5; 105.9
82.4; 200; 8.1; 106.1; 109.5; 109.5; 101.398; 103.559; 7.88653; 106.1; 13.89; 400; 109.5; flow_1.5; 109.5; 105.9
82.5; 200; 8.1; 106.889; 109.5; 109.5; 101.398; 103.602; 7.88149; 106.889; 13.89; 400; 109.5; flow_1.5; 109.5; 105.9
82.6; 200; 8.1; 107.676; 109.5; 109.5; 101.398; 103.646; 7.8767; 107.676; 13.89; 400; 109.5; flow_1.5; 109.5; 105.9
82.7; 200; 8.1; 108.463; 109.5; 109.5; 101.398; 103.689; 7.87217; 108.463; 13.89; 400; 109.5; flow_1.5; 109.5; 105.9
82.8; 200; 8.1; 109.25; 109.5; 109.5; 101.398; 103.732; 7.86789; 109.25; 13.89; 400; 109.5; flow_1.5; 109.5; 105.9
82.9; 200; 8.1; 110.037; 109.5; 109.5; 101.398; 103.776; 7.86386; 110.037; 13.89; 400; 109.5; flow_1.5; 109.5; 105.9
83; 200; 8.1; 110.823; 109.5; 109.5; 101.398; 103.819; 7.8601; 110.823; 13.89; 400; 109.5; flow_1.5; 109.5; 105.9
83.1; 200; 8.1; 111.608; 109.5; 109.5; 101.398; 103.863; 7.85659; 111.608; 13.89; 400; 109.5; flow_1.5; 109.5; 105.9
83.2; 200; 8.1; 112.394; 109.5; 109.5; 101.398; 103.906; 7.85334; 112.394; 13.89; 400; 109.5; flow_1.5; 109.5; 105.9
83.3; 200; 8.1; 113.179; 109.5; 109.5; 101.398; 103.949; 7.85034; 113.179; 13.89; 400; 109.5; flow_0.4; 109.5; 105.9
83.4; 200; 8.1; 113.963; 109.5; 109.5; 101.398; 103.993; 7.8476; 113.963; 13.89; 400; 109.5; flow_0.4; 109.5; 105.9
83.5; 200; 8.1; 114.748; 109.5; 109.5; 101.398; 104.037; 7.84511; 114.748; 13.89; 400; 109.5; flow_0.4; 109.5; 105.9
83.6; 200; 8.11; 115.532; 109.4; 109.4; 101.398; 104.08; 7.84287; 115.532; 13.89; 400; 109.4; flow_0.4; 109.5; 105.8
83.7; 200; 8.12; 116.316; 109.4; 109.4; 101.398; 104.124; 7.84088; 116.316; 13.89; 400; 109.4; flow_0.4; 109.4; 105.8
83.8; 200; 8.12; 117.1; 109.4; 109.4; 101.398; 104.167; 7.83919; 117.1; 13.89; 400; 109.4; flow_0.4; 109.4; 105.8
83.9; 200; 8.12; 117.884; 109.4; 109.4; 101.398; 104.211; 7.83787; 117.884; 13.89; 400; 109.4; flow_0.4; 109.4; 105.8
84; 200; 8.12; 118.668; 109.4; 109.4; 101.398; 104.254; 7.83688; 118.668; 13.89; 400; 109.4; flow_0.4; 109.4; 105.8
84.1; 200; 8.13; 119.451; 109.4; 109.4; 101.398; 104.298; 7.83619; 119.451; 13.89; 400; 109.4; flow_0.4; 109.4; 105.8
84.2; 200; 8.12; 120.235; 109.5; 109.5; 101.398; 104.341; 7.83576; 120.235; 13.89; 400; 109.5; flow_0.4; 109.4; 105.9
84.3; 200; 8.12; 121.018; 109.5; 109.5; 101.398; 104.385; 7.83562; 121.018; 13.89; 400; 109.5; flow_0.4; 109.5; 105.9
84.4; 200; 8.13; 121.802; 109.5; 109.5; 101.398; 104.429; 7.83574; 121.802; 13.89; 400; 109.5; flow_0.4; 109.5; 105.9
84.5; 200; 8.13; 122.586; 109.5; 109.5; 101.398; 104.472; 7.83607; 122.586; 13.89; 400; 109.5; flow_0.4; 109.5; 105.9
84.6; 200; 8.14; 123.369; 109.5; 109.5; 101.398; 104.516; 7.83667; 123.369; 13.89; 400; 109.5; flow_0.4; 109.5; 105.9
84.7; 200; 8.14; 124.153; 109.5; 109.5; 101.398; 104.559; 7.83756; 124.153; 13.89; 400; 109.5; flow_0.4; 109.5; 105.9
84.8; 200; 8.15; 124.937; 109.5; 109.5; 101.398; 104.603; 7.83876; 124.937; 13.89; 400; 109.5; flow_0.4; 109.5; 105.9
84.9; 200; 8.14; 125.721; 109.6; 109.6; 101.398; 104.647; 7.84027; 125.721; 13.89; 400; 109.6; flow_0.4; 109.5; 106
85; 200; 8.15; 126.505; 109.6; 109.6; 101.398; 104.69; 7.84208; 126.505; 13.89; 400; 109.6; flow_0.4; 109.6; 106
85.1; 200; 8.15; 127.29; 109.6; 109.6; 101.398; 104.734; 7.84414; 127.29; 13.89; 400; 109.6; flow_0.4; 109.6; 106
85.2; 200; 8.16; 128.074; 109.6; 109.6; 101.398; 104.777; 7.84645; 128.074; 13.89; 400; 109.6; flow_0.4; 109.6; 106
85.3; 200; 8.17; 128.859; 109.6; 109.6; 101.398; 104.821; 7.84902; 128.859; 13.89; 400; 109.6; flow_0.4; 109.6; 106
85.4; 200; 8.17; 129.644; 109.6; 109.6; 101.398; 104.864; 7.85189; 129.644; 13.89; 400; 109.6; flow_0.4; 109.6; 106
85.5; 200; 8.18; 130.43; 109.6; 109.6; 101.398; 104.908; 7.85509; 130.43; 13.89; 400; 109.6; flow_0.4; 109.6; 106
85.6; 200; 8.18; 131.216; 109.7; 109.7; 101.398; 104.951; 7.8586; 131.216; 13.89; 400; 109.7; flow_0.4; 109.6; 106.1
85.7; 200; 8.18; 132.002; 109.7; 109.7; 101.398; 104.994; 7.86241; 132.002; 13.89; 400; 109.7; flow_0.5; 109.7; 106.1
85.8; 200; 8.19; 132.789; 109.7; 109.7; 101.398; 105.038; 7.8665; 132.789; 13.89; 400; 109.7; flow_0.5; 109.7; 106.1
85.9; 200; 8.2; 133.576; 109.7; 109.7; 101.398; 105.081; 7.87084; 133.576; 13.89; 400; 109.7; flow_0.5; 109.7; 106.1
86; 200; 8.25; 134.363; 109.4; 109.4; 101.398; 105.124; 7.87544; 134.363; 13.89; 400; 109.4; flow_0.5; 109.7; 105.8
86.1; 200; 8.26; 135.151; 109.4; 109.4; 101.398; 105.168; 7.88038; 135.151; 13.89; 400; 109.4; flow_0.5; 109.4; 105.8
86.2; 200; 8.25; 135.94; 109.5; 109.5; 101.398; 105.211; 7.88589; 135.94; 13.89; 400; 109.5; flow_0.5; 109.4; 105.9
86.3; 200; 8.26; 136.729; 109.5; 109.5; 101.398; 105.254; 7.89198; 136.729; 13.89; 400; 109.5; flow_0.5; 109.5; 105.9
86.4; 200; 8.27; 137.519; 109.5; 109.5; 101.398; 105.297; 7.89846; 137.519; 13.89; 400; 109.5; flow_0.5; 109.5; 105.9
86.5; 200; 8.29; 138.309; 109.5; 109.5; 101.398; 105.34; 7.90523; 138.309; 13.89; 400; 109.5; flow_0.5; 109.5; 105.9
86.6; 200; 8.3; 139.101; 109.5; 109.5; 101.398; 105.383; 7.91233; 139.101; 13.89; 400; 109.5; flow_0.5; 109.5; 105.9
86.7; 200; 8.31; 139.893; 109.5; 109.5; 101.398; 105.426; 7.91983; 139.893; 13.89; 400; 109.5; flow_0.5; 109.5; 105.9
86.8; 200; 8.32; 140.685; 109.5; 109.5; 101.398; 105.469; 7.92774; 140.685; 13.89; 400; 109.5; flow_0.5; 109.5; 105.9
86.9; 200; 8.33; 141.479; 109.5; 109.5; 101.398; 105.512; 7.93605; 141.479; 13.89; 400; 109.5; flow_0.5; 109.5; 105.9
87; 200; 8.35; 142.273; 109.5; 109.5; 101.398; 105.555; 7.94472; 142.273; 13.89; 400; 109.5; flow_0.5; 109.5; 105.9
87.1; 200; 8.36; 143.069; 109.5; 109.5; 101.398; 105.598; 7.95375; 143.069; 13.89; 400; 109.5; flow_0.5; 109.5; 105.9
87.2; 200; 8.37; 143.865; 109.5; 109.5; 101.398; 105.64; 7.96319; 143.865; 13.89; 400; 109.5; flow_0.5; 109.5; 105.9
87.3; 200; 8.39; 144.662; 109.5; 109.5; 101.398; 105.683; 7.97304; 144.662; 13.89; 400; 109.5; flow_0.5; 109.5; 105.9
87.4; 200; 8.4; 145.461; 109.5; 109.5; 101.398; 105.725; 7.98328; 145.461; 13.89; 400; 109.5; flow_0.5; 109.5; 105.9
87.5; 200; 8.42; 146.26; 109.5; 109.5; 101.398; 105.768; 7.99393; 146.26; 13.89; 400; 109.5; flow_0.5; 109.5; 105.9
87.6; 200; 8.43; 147.061; 109.5; 109.5; 101.398; 105.81; 8.00499; 147.061; 13.89; 400; 109.5; flow_0.5; 109.5; 105.9
87.7; 200; 8.45; 147.862; 109.5; 109.5; 101.398; 105.852; 8.01647; 147.862; 13.89; 400; 109.5; flow_0.5; 109.5; 105.9
87.8; 200; 8.46; 148.665; 109.5; 109.5; 101.398; 105.895; 8.02838; 148.665; 13.89; 400; 109.5; flow_0.6; 109.5; 105.9
87.9; 200; 8.48; 149.469; 109.5; 109.5; 101.398; 105.937; 8.04071; 149.469; 13.89; 400; 109.5; flow_0.6; 109.5; 105.9
88; 200; 8.5; 150.275; 109.5; 109.5; 101.398; 105.979; 8.05345; 150.275; 13.89; 400; 109.5; flow_0.6; 109.5; 105.9
88.1; 200; 8.53; 151.081; 109.4; 109.4; 101.398; 106.021; 8.06661; 151.081; 13.89; 400; 109.4; flow_0.6; 109.5; 105.8
88.2; 200; 8.55; 151.889; 109.4; 109.4; 101.398; 106.063; 8.08025; 151.889; 13.89; 400; 109.4; flow_0.6; 109.4; 105.8
88.3; 200; 8.57; 152.699; 109.4; 109.4; 101.398; 106.104; 8.09442; 152.699; 13.89; 400; 109.4; flow_0.6; 109.4; 105.8
88.4; 200; 8.59; 153.51; 109.4; 109.4; 101.398; 106.146; 8.10914; 153.51; 13.89; 400; 109.4; flow_0.6; 109.4; 105.8
88.5; 200; 8.6; 154.322; 109.4; 109.4; 101.398; 106.187; 8.12439; 154.322; 13.89; 400; 109.4; flow_0.6; 109.4; 105.8
88.6; 200; 8.62; 155.136; 109.4; 109.4; 101.398; 106.229; 8.14015; 155.136; 13.89; 400; 109.4; flow_0.6; 109.4; 105.8
88.7; 200; 8.64; 155.952; 109.4; 109.4; 101.398; 106.27; 8.15635; 155.952; 13.89; 400; 109.4; flow_0.6; 109.4; 105.8
88.8; 200; 8.67; 156.769; 109.4; 109.4; 101.398; 106.311; 8.17298; 156.769; 13.89; 400; 109.4; flow_0.6; 109.4; 105.8
88.9; 200; 8.69; 157.588; 109.4; 109.4; 101.398; 106.352; 8.19007; 157.588; 13.89; 400; 109.4; flow_0.6; 109.4; 105.8
89; 200; 8.71; 158.409; 109.4; 109.4; 101.398; 106.393; 8.2077; 158.409; 13.89; 400; 109.4; flow_0.6; 109.4; 105.8
89.1; 200; 8.73; 159.231; 109.4; 109.4; 101.398; 106.434; 8.22585; 159.231; 13.89; 400; 109.4; flow_0.6; 109.4; 105.8
89.2; 200; 8.75; 160.056; 109.4; 109.4; 101.398; 106.475; 8.24452; 160.056; 13.89; 400; 109.4; flow_0.6; 109.4; 105.8
89.3; 200; 8.78; 160.882; 109.4; 109.4; 101.398; 106.515; 8.26368; 160.882; 13.89; 400; 109.4; flow_0.6; 109.4; 105.8
89.4; 200; 8.8; 161.711; 109.4; 109.4; 101.398; 106.555; 8.28332; 161.711; 13.89; 400; 109.4; flow_0.6; 109.4; 105.8
89.5; 200; 8.82; 162.541; 109.4; 109.4; 101.398; 106.596; 8.30348; 162.541; 13.89; 400; 109.4; flow_0.6; 109.4; 105.8
89.6; 200; 8.85; 163.373; 109.4; 109.4; 101.398; 106.636; 8.32418; 163.373; 13.89; 400; 109.4; flow_0.6; 109.4; 105.8
89.7; 200; 8.87; 164.208; 109.4; 109.4; 101.398; 106.676; 8.34538; 164.208; 13.89; 400; 109.4; flow_0.6; 109.4; 105.8
89.8; 200; 8.9; 165.045; 109.4; 109.4; 101.398; 106.715; 8.3671; 165.045; 13.89; 400; 109.4; flow_0.7; 109.4; 105.8
89.9; 200; 8.92; 165.883; 109.4; 109.4; 101.398; 106.755; 8.38935; 165.883; 13.89; 400; 109.4; flow_0.7; 109.4; 105.8
90; 200; 8.95; 166.725; 109.4; 109.4; 101.398; 106.794; 8.41214; 166.725; 13.89; 400; 109.4; flow_0.7; 109.4; 105.8
90.1; 200; 9; 167.568; 109.3; 109.3; 101.398; 106.834; 8.43546; 167.568; 13.89; 400; 109.3; flow_0.7; 109.4; 105.7
90.2; 200; 9.03; 168.414; 109.3; 109.3; 101.398; 106.873; 8.45934; 168.414; 13.89; 400; 109.3; flow_0.7; 109.3; 105.7
90.3; 200; 9.05; 169.263; 109.3; 109.3; 101.398; 106.912; 8.48391; 169.263; 13.89; 400; 109.3; flow_0.7; 109.3; 105.7
90.4; 200; 9.08; 170.113; 109.3; 109.3; 101.398; 106.951; 8.5092; 170.113; 13.89; 400; 109.3; flow_0.7; 109.3; 105.7
90.5; 200; 9.11; 170.967; 109.3; 109.3; 101.398; 106.989; 8.53512; 170.967; 13.89; 400; 109.3; flow_0.7; 109.3; 105.7
90.6; 200; 9.14; 171.823; 109.3; 109.3; 101.398; 107.027; 8.56161; 171.823; 13.89; 400; 109.3; flow_0.7; 109.3; 105.7
90.7; 200; 9.17; 172.682; 109.3; 109.3; 101.398; 107.066; 8.5887; 172.682; 13.89; 400; 109.3; flow_0.7; 109.3; 105.7
90.8; 200; 9.2; 173.544; 109.3; 109.3; 101.398; 107.104; 8.61639; 173.544; 13.89; 400; 109.3; flow_0.7; 109.3; 105.7
90.9; 200; 9.24; 174.408; 109.3; 109.3; 101.398; 107.141; 8.64468; 174.408; 13.89; 400; 109.3; flow_0.7; 109.3; 105.7
91; 200; 9.27; 175.276; 109.3; 109.3; 101.398; 107.179; 8.67357; 175.276; 13.89; 400; 109.3; flow_0.7; 109.3; 105.7
91.1; 200; 9.3; 176.146; 109.3; 109.3; 101.398; 107.216; 8.70313; 176.146; 13.89; 400; 109.3; flow_0.7; 109.3; 105.7
91.2; 200; 9.31; 177.019; 109.4; 109.4; 101.398; 107.253; 8.73334; 177.019; 13.89; 400; 109.4; flow_0.7; 109.3; 105.8
91.3; 200; 9.34; 177.896; 109.4; 109.4; 101.398; 107.29; 8.7642; 177.896; 13.89; 400; 109.4; flow_0.7; 109.4; 105.8
91.4; 200; 9.38; 178.775; 109.4; 109.4; 101.398; 107.327; 8.79563; 178.775; 13.89; 400; 109.4; flow_0.7; 109.4; 105.8
91.5; 200; 9.41; 179.658; 109.4; 109.4; 101.398; 107.363; 8.82763; 179.658; 13.89; 400; 109.4; flow_0.7; 109.4; 105.8
91.6; 200; 9.45; 180.544; 109.4; 109.4; 101.398; 107.4; 8.86031; 180.544; 13.89; 400; 109.4; flow_0.7; 109.4; 105.8
91.7; 200; 9.48; 181.433; 109.4; 109.4; 101.398; 107.436; 8.8937; 181.433; 13.89; 400; 109.4; flow_0.7; 109.4; 105.8
91.8; 200; 9.52; 182.326; 109.4; 109.4; 101.398; 107.471; 8.92785; 182.326; 13.89; 400; 109.4; flow_0.7; 109.4; 105.8
91.9; 200; 9.55; 183.222; 109.4; 109.4; 101.398; 107.507; 8.96275; 183.222; 13.89; 400; 109.4; flow_0.7; 109.4; 105.8
92; 200; 9.59; 184.122; 109.4; 109.4; 101.398; 107.542; 8.99842; 184.122; 13.89; 400; 109.4; flow_1.6; 109.4; 105.8
92.1; 200; 9.63; 185.026; 109.4; 109.4; 101.398; 107.577; 9.03484; 185.026; 13.89; 400; 109.4; flow_1.6; 109.4; 105.8
92.2; 200; 9.67; 185.933; 109.4; 109.4; 101.398; 107.612; 9.07203; 185.933; 13.89; 400; 109.4; flow_1.6; 109.4; 105.8
92.3; 200; 9.74; 186.844; 109.3; 109.3; 101.398; 107.646; 9.11003; 186.844; 13.89; 400; 109.3; flow_1.6; 109.4; 105.7
92.4; 200; 9.78; 187.759; 109.3; 109.3; 101.398; 107.68; 9.14889; 187.759; 13.89; 400; 109.3; flow_1.6; 109.3; 105.7
92.5; 200; 9.82; 188.678; 109.3; 109.3; 101.398; 107.714; 9.18878; 188.678; 13.89; 400; 109.3; flow_1.6; 109.3; 105.7
92.6; 200; 9.86; 189.601; 109.3; 109.3; 101.398; 107.748; 9.22973; 189.601; 13.89; 400; 109.3; flow_1.6; 109.3; 105.7
92.7; 200; 9.9; 190.528; 109.3; 109.3; 101.398; 107.781; 9.27165; 190.528; 13.89; 400; 109.3; flow_1.6; 109.3; 105.7
92.8; 200; 9.92; 191.459; 109.4; 109.4; 101.398; 107.814; 9.31448; 191.459; 13.89; 400; 109.4; flow_1.6; 109.3; 105.8
92.9; 200; 9.96; 192.395; 109.4; 109.4; 101.398; 107.846; 9.35817; 192.395; 13.89; 400; 109.4; flow_1.6; 109.4; 105.8
93; 200; 10; 193.335; 109.4; 109.4; 101.398; 107.879; 9.4026; 193.335; 13.89; 400; 109.4; flow_1.6; 109.4; 105.8
93.1; 200; 10.05; 194.28; 109.4; 109.4; 101.398; 107.911; 9.44773; 194.28; 13.89; 400; 109.4; flow_1.6; 109.4; 105.8
93.2; 200; 10.09; 195.229; 109.4; 109.4; 101.398; 107.942; 9.49363; 195.229; 13.89; 400; 109.4; flow_1.6; 109.4; 105.8
93.3; 200; 10.14; 196.183; 109.4; 109.4; 101.398; 107.974; 9.54039; 196.183; 13.89; 400; 109.4; flow_1.6; 109.4; 105.8
93.4; 200; 10.19; 197.142; 109.4; 109.4; 101.398; 108.005; 9.58802; 197.142; 13.89; 400; 109.4; flow_1.6; 109.4; 105.8
93.5; 200; 10.23; 198.106; 109.4; 109.4; 101.398; 108.035; 9.63658; 198.106; 13.89; 400; 109.4; flow_1.6; 109.4; 105.8
93.6; 200; 10.28; 199.075; 109.4; 109.4; 101.398; 108.065; 9.68609; 199.075; 13.89; 400; 109.4; flow_1.6; 109.4; 105.8
93.7; 200; 10.33; 200.048; 109.4; 109.4; 101.398; 108.095; 9.73641; 200.048; 13.89; 400; 109.4; flow_1.6; 109.4; 105.8
93.8; 200; 10.38; 201.027; 109.4; 109.4; 101.398; 108.125; 9.78742; 201.027; 13.89; 400; 109.4; flow_1.6; 109.4; 105.8
93.9; 200; 10.43; 202.011; 109.4; 109.4; 101.398; 108.154; 9.8391; 202.011; 13.89; 400; 109.4; flow_1.6; 109.4; 105.8
94; 200; 10.48; 203; 109.4; 109.4; 101.398; 108.183; 9.89148; 203; 13.89; 400; 109.4; flow_1.6; 109.4; 105.8
94.1; 200; 10.53; 203.994; 109.4; 109.4; 101.398; 108.211; 9.94455; 203.994; 13.89; 400; 109.4; flow_1.6; 109.4; 105.8
94.2; 200; 10.55; 204.994; 109.5; 109.5; 101.398; 108.239; 9.99829; 204.994; 13.89; 400; 109.5; flow_1.6; 109.4; 105.9
94.3; 200; 10.6; 206; 109.5; 109.5; 101.398; 108.267; 10.0527; 206; 13.89; 400; 109.5; flow_0.8; 109.5; 105.9
94.4; 200; 10.65; 207.01; 109.5; 109.5; 101.398; 108.294; 10.1075; 207.01; 13.89; 400; 109.5; flow_0.8; 109.5; 105.9
94.5; 200; 10.7; 208.027; 109.5; 109.5; 101.398; 108.321; 10.1628; 208.027; 13.89; 400; 109.5; flow_0.8; 109.5; 105.9
94.6; 200; 10.75; 209.048; 109.5; 109.5; 101.398; 108.347; 10.2185; 209.048; 13.89; 400; 109.5; flow_0.8; 109.5; 105.9
94.7; 200; 10.8; 210.076; 109.5; 109.5; 101.398; 108.373; 10.2748; 210.076; 13.89; 400; 109.5; flow_0.8; 109.5; 105.9
94.8; 200; 10.85; 211.109; 109.5; 109.5; 101.398; 108.399; 10.3317; 211.109; 13.89; 400; 109.5; flow_0.8; 109.5; 105.9
94.9; 200; 10.91; 212.148; 109.5; 109.5; 101.398; 108.424; 10.3891; 212.148; 13.89; 400; 109.5; flow_0.8; 109.5; 105.9
95; 200; 10.92; 213.193; 109.6; 109.6; 101.398; 108.449; 10.447; 213.193; 13.89; 400; 109.6; flow_0.8; 109.5; 106
95.1; 200; 10.98; 214.243; 109.6; 109.6; 101.398; 108.473; 10.5055; 214.243; 13.89; 400; 109.6; flow_0.8; 109.6; 106
95.2; 200; 11.03; 215.3; 109.6; 109.6; 101.398; 108.497; 10.5644; 215.3; 13.89; 400; 109.6; flow_0.8; 109.6; 106
95.3; 200; 11.08; 216.362; 109.6; 109.6; 101.398; 108.521; 10.6235; 216.362; 13.89; 400; 109.6; flow_0.8; 109.6; 106
95.4; 200; 11.13; 217.43; 109.6; 109.6; 101.398; 108.544; 10.683; 217.43; 13.89; 400; 109.6; flow_0.8; 109.6; 106
95.5; 200; 11.19; 218.505; 109.6; 109.6; 101.398; 108.567; 10.7428; 218.505; 13.89; 400; 109.6; flow_0.8; 109.6; 106
95.6; 200; 11.24; 219.585; 109.6; 109.6; 101.398; 108.589; 10.8029; 219.585; 13.89; 400; 109.6; flow_0.8; 109.6; 106
95.7; 200; 11.29; 220.671; 109.6; 109.6; 101.398; 108.611; 10.8632; 220.671; 13.89; 400; 109.6; flow_0.8; 109.6; 106
95.8; 200; 11.34; 221.764; 109.6; 109.6; 101.398; 108.632; 10.9238; 221.764; 13.89; 400; 109.6; flow_0.8; 109.6; 106
95.9; 200; 11.36; 222.862; 109.7; 109.7; 101.398; 108.653; 10.9847; 222.862; 13.89; 400; 109.7; flow_0.8; 109.6; 106.1
96; 200; 11.41; 223.967; 109.7; 109.7; 101.398; 108.673; 11.0457; 223.967; 13.89; 400; 109.7; flow_0.8; 109.7; 106.1
96.1; 200; 11.46; 225.077; 109.7; 109.7; 101.398; 108.693; 11.1067; 225.077; 13.89; 400; 109.7; flow_0.8; 109.7; 106.1
96.2; 200; 11.51; 226.194; 109.7; 109.7; 101.398; 108.713; 11.1676; 226.194; 13.89; 400; 109.7; flow_0.8; 109.7; 106.1
96.3; 200; 11.56; 227.317; 109.7; 109.7; 101.398; 108.732; 11.2285; 227.317; 13.89; 400; 109.7; flow_0.8; 109.7; 106.1
96.4; 200; 11.61; 228.446; 109.7; 109.7; 101.398; 108.751; 11.2895; 228.446; 13.89; 400; 109.7; flow_0.8; 109.7; 106.1
96.5; 200; 11.66; 229.581; 109.7; 109.7; 101.398; 108.769; 11.3506; 229.581; 13.89; 400; 109.7; flow_0.8; 109.7; 106.1
96.6; 200; 11.72; 230.722; 109.7; 109.7; 101.398; 108.787; 11.4117; 230.722; 13.89; 400; 109.7; flow_0.8; 109.7; 106.1
96.7; 200; 11.72; 231.869; 109.8; 109.8; 101.398; 108.804; 11.4729; 231.869; 13.89; 400; 109.8; flow_0.8; 109.7; 106.2
96.8; 200; 11.77; 233.023; 109.8; 109.8; 101.398; 108.821; 11.5341; 233.023; 13.89; 400; 109.8; flow_1.7; 109.8; 106.2
96.9; 200; 11.82; 234.182; 109.8; 109.8; 101.398; 108.838; 11.5951; 234.182; 13.89; 400; 109.8; flow_1.7; 109.8; 106.2
97; 200; 12.01; 235.348; 109.5; 109.5; 101.398; 108.854; 11.6558; 235.348; 13.89; 400; 109.5; flow_1.7; 109.8; 105.9
97.1; 200; 12.06; 236.52; 109.5; 109.5; 101.398; 108.87; 11.7164; 236.52; 13.89; 400; 109.5; flow_1.7; 109.5; 105.9
97.2; 200; 12.11; 237.697; 109.5; 109.5; 101.398; 108.885; 11.778; 237.697; 13.89; 400; 109.5; flow_1.7; 109.5; 105.9
97.3; 200; 12.16; 238.881; 109.5; 109.5; 101.398; 108.9; 11.8406; 238.881; 13.89; 400; 109.5; flow_1.7; 109.5; 105.9
97.4; 200; 12.16; 240.072; 109.6; 109.6; 101.398; 108.914; 11.9039; 240.072; 13.89; 400; 109.6; flow_1.7; 109.5; 106
97.5; 200; 12.21; 241.268; 109.6; 109.6; 101.398; 108.928; 11.9673; 241.268; 13.89; 400; 109.6; flow_1.7; 109.6; 106
97.6; 200; 12.26; 242.472; 109.6; 109.6; 101.398; 108.941; 12.0305; 242.472; 13.89; 400; 109.6; flow_1.7; 109.6; 106
97.7; 200; 12.31; 243.681; 109.6; 109.6; 101.398; 108.954; 12.0933; 243.681; 13.89; 400; 109.6; flow_1.7; 109.6; 106
97.8; 200; 12.36; 244.896; 109.6; 109.6; 101.398; 108.967; 12.1559; 244.896; 13.89; 400; 109.6; flow_1.7; 109.6; 106
97.9; 200; 12.41; 246.118; 109.6; 109.6; 101.398; 108.979; 12.2183; 246.118; 13.89; 400; 109.6; flow_1.7; 109.6; 106
98; 200; 12.45; 247.346; 109.6; 109.6; 101.398; 108.99; 12.2807; 247.346; 13.89; 400; 109.6; flow_1.7; 109.6; 106
98.1; 200; 12.5; 248.581; 109.6; 109.6; 101.398; 109.001; 12.343; 248.581; 13.89; 400; 109.6; flow_1.7; 109.6; 106
98.2; 200; 12.55; 249.821; 109.6; 109.6; 101.398; 109.012; 12.4051; 249.821; 13.89; 400; 109.6; flow_1.7; 109.6; 106
98.3; 200; 12.59; 251.068; 109.6; 109.6; 101.398; 109.022; 12.467; 251.068; 13.89; 400; 109.6; flow_1.7; 109.6; 106
98.4; 200; 12.64; 252.321; 109.6; 109.6; 101.398; 109.032; 12.5287; 252.321; 13.89; 400; 109.6; flow_1.7; 109.6; 106
98.5; 200; 12.68; 253.58; 109.6; 109.6; 101.398; 109.041; 12.5902; 253.58; 13.89; 400; 109.6; flow_1.7; 109.6; 106
98.6; 200; 12.73; 254.845; 109.6; 109.6; 101.398; 109.05; 12.6513; 254.845; 13.89; 400; 109.6; flow_1.7; 109.6; 106
98.7; 200; 12.77; 256.116; 109.6; 109.6; 101.398; 109.059; 12.7121; 256.116; 13.89; 400; 109.6; flow_1.7; 109.6; 106
98.8; 200; 12.81; 257.393; 109.6; 109.6; 101.398; 109.067; 12.7725; 257.393; 13.89; 400; 109.6; flow_1.7; 109.6; 106
98.9; 200; 12.85; 258.677; 109.6; 109.6; 101.398; 109.074; 12.8325; 258.677; 13.89; 400; 109.6; flow_0.9; 109.6; 106
99; 200; 12.96; 259.966; 109.5; 109.5; 101.398; 109.082; 12.892; 259.966; 13.89; 400; 109.5; flow_0.9; 109.6; 105.9
99.1; 200; 12.93; 261.261; 109.6; 109.6; 101.398; 109.088; 12.9511; 261.261; 13.89; 400; 109.6; flow_0.9; 109.5; 106
99.2; 200; 12.97; 262.562; 109.6; 109.6; 101.398; 109.095; 13.01; 262.562; 13.89; 400; 109.6; flow_0.9; 109.6; 106
99.3; 200; 12.91; 263.864; 109.7; 109.7; 101.398; 109.101; 13.0204; 263.864; 13.89; 400; 109.7; flow_0.9; 109.6; 106.1
99.4; 200; 12.9; 265.164; 109.7; 109.7; 101.398; 109.107; 13.003; 265.164; 13.89; 400; 109.7; flow_0.9; 109.7; 106.1
99.5; 200; 12.82; 266.463; 109.8; 109.8; 101.398; 109.114; 12.9844; 266.463; 13.89; 400; 109.8; flow_0.9; 109.7; 106.2
99.6; 200; 12.82; 267.76; 109.8; 109.8; 101.398; 109.121; 12.9743; 267.76; 13.89; 400; 109.8; flow_0.9; 109.8; 106.2
99.7; 200; 12.74; 269.057; 109.9; 109.9; 101.398; 109.127; 12.9677; 269.057; 13.89; 400; 109.9; flow_0.9; 109.8; 106.3
99.8; 200; 12.74; 270.353; 109.9; 109.9; 101.398; 109.134; 12.9632; 270.353; 13.89; 400; 109.9; flow_0.9; 109.9; 106.3
99.9; 200; 12.67; 271.649; 110; 110; 101.398; 109.141; 12.9585; 271.649; 13.89; 400; 110; flow_0.9; 109.9; 106.4
100; 200; 12.66; 272.944; 110; 110; 101.398; 109.147; 12.9535; 272.944; 13.89; 400; 110; flow_0.9; 110; 106.4
100.1; 200; 12.59; 274.239; 110.1; 110.1; 101.398; 109.154; 12.9484; 274.239; 13.89; 400; 110.1; flow_0.9; 110; 106.5
100.2; 200; 12.58; 275.533; 110.1; 110.1; 101.398; 109.161; 12.9403; 275.533; 13.89; 400; 110.1; flow_0.9; 110.1; 106.5
100.3; 200; 12.5; 276.826; 110.2; 110.2; 101.398; 109.168; 12.9291; 276.826; 13.89; 400; 110.2; flow_0.9; 110.1; 106.6
100.4; 200; 12.49; 278.118; 110.2; 110.2; 101.398; 109.175; 12.9209; 278.118; 13.89; 400; 110.2; flow_0.9; 110.2; 106.6
100.5; 200; 12.42; 279.411; 110.3; 110.3; 101.398; 109.182; 12.9239; 279.411; 13.89; 400; 110.3; flow_0.9; 110.2; 106.7
100.6; 200; 12.42; 280.706; 110.3; 110.3; 101.398; 109.189; 12.9486; 280.706; 13.89; 400; 110.3; flow_0.9; 110.3; 106.7
100.7; 200; 12.37; 282.003; 110.4; 110.4; 101.398; 109.195; 12.9761; 282.003; 13.89; 400; 110.4; flow_0.9; 110.3; 106.8
100.8; 200; 12.37; 283.303; 110.4; 110.4; 101.398; 109.201; 13.003; 283.303; 13.89; 400; 110.4; flow_0.9; 110.4; 106.8
100.9; 200; 12.31; 284.606; 110.5; 110.5; 101.398; 109.208; 13.0289; 284.606; 13.89; 400; 110.5; flow_0.9; 110.4; 106.9
101; 200; 12.32; 285.912; 110.5; 110.5; 101.398; 109.214; 13.0537; 285.912; 13.89; 400; 110.5; flow_1.8; 110.5; 106.9
101.1; 200; 12.25; 287.219; 110.6; 110.6; 101.398; 109.22; 13.0772; 287.219; 13.89; 400; 110.6; flow_1.8; 110.5; 107
101.2; 200; 12.25; 288.529; 110.6; 110.6; 101.398; 109.225; 13.0996; 288.529; 13.89; 400; 110.6; flow_1.8; 110.6; 107
101.3; 200; 12.18; 289.841; 110.7; 110.7; 101.398; 109.231; 13.1207; 289.841; 13.89; 400; 110.7; flow_1.8; 110.6; 107.1
101.4; 200; 12.18; 291.156; 110.7; 110.7; 101.398; 109.236; 13.1405; 291.156; 13.89; 400; 110.7; flow_1.8; 110.7; 107.1
101.5; 200; 12.11; 292.471; 110.8; 110.8; 101.398; 109.241; 13.1589; 292.471; 13.89; 400; 110.8; flow_1.8; 110.7; 107.2
101.6; 200; 12.1; 293.789; 110.8; 110.8; 101.398; 109.247; 13.1758; 293.789; 13.89; 400; 110.8; flow_1.8; 110.8; 107.2
101.7; 200; 12.09; 295.108; 110.8; 110.8; 101.398; 109.252; 13.1913; 295.108; 13.89; 400; 110.8; flow_1.8; 110.8; 107.2
101.8; 200; 12.01; 296.429; 110.9; 110.9; 101.398; 109.257; 13.2052; 296.429; 13.89; 400; 110.9; flow_1.8; 110.8; 107.3
101.9; 200; 11.99; 297.75; 110.9; 110.9; 101.398; 109.261; 13.2178; 297.75; 13.89; 400; 110.9; flow_1.8; 110.9; 107.3
102; 200; 11.91; 299.073; 111; 111; 101.398; 109.266; 13.2288; 299.073; 13.89; 400; 111; flow_1.8; 110.9; 107.4
102.1; 200; 11.89; 300.397; 111; 111; 101.398; 109.271; 13.2382; 300.397; 13.89; 400; 111; flow_1.8; 111; 107.4
102.2; 200; 11.81; 301.722; 111.1; 111.1; 101.398; 109.275; 13.2457; 301.722; 13.89; 400; 111.1; flow_1.8; 111; 107.5
102.3; 200; 11.78; 303.047; 111.1; 111.1; 101.398; 109.28; 13.2514; 303.047; 13.89; 400; 111.1; flow_1.8; 111.1; 107.5
102.4; 200; 11.69; 304.372; 111.2; 111.2; 101.398; 109.285; 13.2552; 304.372; 13.89; 400; 111.2; flow_1.8; 111.1; 107.6
102.5; 200; 11.66; 305.698; 111.2; 111.2; 101.398; 109.289; 13.2571; 305.698; 13.89; 400; 111.2; flow_1.8; 111.2; 107.6
102.6; 200; 11.57; 307.024; 111.3; 111.3; 101.398; 109.294; 13.257; 307.024; 13.89; 400; 111.3; flow_1.8; 111.2; 107.7
102.7; 200; 11.53; 308.349; 111.3; 111.3; 101.398; 109.298; 13.2548; 308.349; 13.89; 400; 111.3; flow_1.8; 111.3; 107.7
102.8; 200; 11.49; 309.674; 111.3; 111.3; 101.398; 109.303; 13.2505; 309.674; 13.89; 400; 111.3; flow_1.8; 111.3; 107.7
102.9; 200; 11.39; 310.998; 111.4; 111.4; 101.398; 109.308; 13.2405; 310.998; 13.89; 400; 111.4; flow_1.8; 111.3; 107.8
103; 200; 11.33; 312.32; 111.4; 111.4; 101.398; 109.312; 13.2126; 312.32; 13.89; 400; 111.4; flow_1.8; 111.4; 107.8
103.1; 200; 11.2; 313.635; 111.5; 111.5; 101.398; 109.318; 13.1576; 313.635; 13.89; 400; 111.5; flow_1.8; 111.4; 107.9
103.2; 200; 11.12; 314.943; 111.5; 111.5; 101.398; 109.324; 13.0749; 314.943; 13.89; 400; 111.5; vehicle_0; 111.5; 107.9
103.3; 200; 10.96; 316.239; 111.6; 111.6; 101.398; 109.33; 12.9655; 316.239; 13.89; 400; 111.6; vehicle_0; 111.5; 108
103.4; 200; 10.84; 317.523; 111.6; 111.6; 101.398; 109.338; 12.8348; 317.523; 13.89; 400; 111.6; vehicle_0; 111.6; 108
103.5; 200; 10.71; 318.791; 111.6; 111.6; 101.398; 109.347; 12.6825; 318.791; 13.89; 400; 111.6; vehicle_0; 111.6; 108
103.6; 200; 10.52; 320.042; 111.7; 111.7; 101.398; 109.356; 12.5133; 320.042; 13.89; 400; 111.7; vehicle_0; 111.6; 108.1
103.7; 200; 10.38; 321.275; 111.7; 111.7; 101.398; 109.368; 12.3297; 321.275; 13.89; 400; 111.7; vehicle_0; 111.7; 108.1
103.8; 200; 10.17; 322.488; 111.8; 111.8; 101.398; 109.38; 12.1303; 322.488; 13.89; 400; 111.8; vehicle_0; 111.7; 108.2
103.9; 200; 10.02; 323.68; 111.8; 111.8; 101.398; 109.395; 11.9185; 323.68; 13.89; 400; 111.8; vehicle_0; 111.8; 108.2
104; 200; 9.86; 324.85; 111.8; 111.8; 101.398; 109.41; 11.6937; 324.85; 13.89; 400; 111.8; vehicle_0; 111.8; 108.2
104.1; 200; 9.63; 325.996; 111.9; 111.9; 101.398; 109.428; 11.4613; 325.996; 13.89; 400; 111.9; vehicle_0; 111.8; 108.3
104.2; 200; 9.47; 327.118; 111.9; 111.9; 101.398; 109.447; 11.2233; 327.118; 13.89; 400; 111.9; vehicle_0; 111.9; 108.3
104.3; 200; 9.25; 328.216; 112; 112; 101.398; 109.468; 10.977; 328.216; 13.89; 400; 112; vehicle_0; 111.9; 108.4
104.4; 200; 9.08; 329.288; 112; 112; 101.398; 109.491; 10.7258; 329.288; 13.89; 400; 112; vehicle_0; 112; 108.4
104.5; 200; 8.92; 330.335; 112; 112; 101.398; 109.515; 10.4697; 330.335; 13.89; 400; 112; vehicle_0; 112; 108.4
104.6; 200; 8.7; 331.358; 112.1; 112.1; 101.398; 109.542; 10.2262; 331.358; 13.89; 400; 112.1; vehicle_0; 112; 108.5
104.7; 200; 8.55; 332.356; 112.1; 112.1; 101.398; 109.57; 9.98361; 332.356; 13.89; 400; 112.1; vehicle_0; 112.1; 108.5
104.8; 200; 8.4; 333.33; 112.1; 112.1; 101.398; 109.6; 9.73128; 333.33; 13.89; 400; 112.1; vehicle_0; 112.1; 108.5
104.9; 200; 8.18; 334.278; 112.2; 112.2; 101.398; 109.632; 9.48003; 334.278; 13.89; 400; 112.2; vehicle_0; 112.1; 108.6
105; 200; 8.04; 335.201; 112.2; 112.2; 101.398; 109.665; 9.23275; 335.201; 13.89; 400; 112.2; vehicle_0; 112.2; 108.6
105.1; 200; 7.91; 336.1; 112.2; 112.2; 101.398; 109.7; 8.98735; 336.1; 13.89; 400; 112.2; vehicle_0; 112.2; 108.6
105.2; 200; 7.7; 336.974; 112.3; 112.3; 101.398; 109.737; 8.74897; 336.974; 13.89; 400; 112.3; vehicle_0; 112.2; 108.7
105.3; 200; 7.58; 337.826; 112.3; 112.3; 101.398; 109.776; 8.51932; 337.826; 13.89; 400; 112.3; vehicle_0; 112.3; 108.7
105.4; 200; 7.47; 338.656; 112.3; 112.3; 101.398; 109.816; 8.29349; 338.656; 13.89; 400; 112.3; vehicle_0; 112.3; 108.7
105.5; 200; 7.28; 339.463; 112.4; 112.4; 101.398; 109.858; 8.07631; 339.463; 13.89; 400; 112.4; vehicle_0; 112.3; 108.8
105.6; 200; 7.18; 340.251; 112.4; 112.4; 101.398; 109.902; 7.87403; 340.251; 13.89; 400; 112.4; vehicle_0; 112.4; 108.8
105.7; 200; 7; 341.018; 112.5; 112.5; 101.398; 109.946; 7.67634; 341.018; 13.89; 400; 112.5; vehicle_0; 112.4; 108.9
105.8; 200; 6.92; 341.766; 112.5; 112.5; 101.398; 109.992; 7.48085; 341.766; 13.89; 400; 112.5; vehicle_0; 112.5; 108.9
105.9; 200; 6.85; 342.497; 112.5; 112.5; 101.398; 110.04; 7.3079; 342.497; 13.89; 400; 112.5; vehicle_0; 112.5; 108.9
106; 200; 6.69; 343.212; 112.6; 112.6; 101.398; 110.088; 7.14627; 343.212; 13.89; 400; 112.6; vehicle_0; 112.5; 109
106.1; 200; 6.64; 343.91; 112.6; 112.6; 101.398; 110.138; 6.98559; 343.91; 13.89; 400; 112.6; vehicle_0; 112.6; 109
106.2; 200; 6.59; 344.593; 112.6; 112.6; 101.398; 110.189; 6.82855; 344.593; 13.89; 400; 112.6; vehicle_0; 112.6; 109
106.3; 200; 6.44; 345.262; 112.7; 112.7; 101.398; 110.241; 6.6828; 345.262; 13.89; 400; 112.7; vehicle_0; 112.6; 109.1
106.4; 200; 6.41; 345.917; 112.7; 112.7; 101.398; 110.294; 6.55097; 345.917; 13.89; 400; 112.7; vehicle_0; 112.7; 109.1
106.5; 200; 6.38; 346.559; 112.7; 112.7; 101.398; 110.347; 6.42609; 346.559; 13.89; 400; 112.7; vehicle_0; 112.7; 109.1
106.6; 200; 6.25; 347.191; 112.8; 112.8; 101.398; 110.402; 6.31384; 347.191; 13.89; 400; 112.8; vehicle_0; 112.7; 109.2
106.7; 200; 6.24; 347.812; 112.8; 112.8; 101.398; 110.457; 6.21505; 347.812; 13.89; 400; 112.8; vehicle_0; 112.8; 109.2
106.8; 200; 6.24; 348.424; 112.8; 112.8; 101.398; 110.513; 6.1197; 348.424; 13.89; 400; 112.8; vehicle_0; 112.8; 109.2
106.9; 200; 6.12; 349.028; 112.9; 112.9; 101.398; 110.57; 6.04167; 349.028; 13.89; 400; 112.9; vehicle_0; 112.8; 109.3
107; 200; 6.14; 349.626; 112.9; 112.9; 101.398; 110.627; 5.9748; 349.626; 13.89; 400; 112.9; vehicle_0; 112.9; 109.3
107.1; 200; 6.16; 350.216; 112.9; 112.9; 101.398; 110.684; 5.90476; 350.216; 13.89; 400; 112.9; vehicle_0; 112.9; 109.3
107.2; 200; 6.05; 350.801; 113; 113; 101.398; 110.742; 5.84569; 350.801; 13.89; 400; 113; vehicle_0; 112.9; 109.4
107.3; 200; 6.08; 351.381; 113; 113; 101.398; 110.8; 5.79968; 351.381; 13.89; 400; 113; vehicle_0; 113; 109.4
107.4; 200; 6.11; 351.957; 113; 113; 101.398; 110.859; 5.75792; 351.957; 13.89; 400; 113; vehicle_0; 113; 109.4
107.5; 200; 6.01; 352.529; 113.1; 113.1; 101.398; 110.918; 5.72642; 352.529; 13.89; 400; 113.1; vehicle_0; 113; 109.5
107.6; 200; 6.06; 353.1; 113.1; 113.1; 101.398; 110.977; 5.70721; 353.1; 13.89; 400; 113.1; vehicle_0; 113.1; 109.5
107.7; 200; 6.11; 353.669; 113.1; 113.1; 101.398; 111.036; 5.69119; 353.669; 13.89; 400; 113.1; vehicle_0; 113.1; 109.5
107.8; 200; 6.01; 354.237; 113.2; 113.2; 101.398; 111.095; 5.68111; 354.237; 13.89; 400; 113.2; vehicle_0; 113.1; 109.6
107.9; 200; 6.07; 354.805; 113.2; 113.2; 101.398; 111.154; 5.67521; 354.805; 13.89; 400; 113.2; vehicle_0; 113.2; 109.6
108; 200; 6.13; 355.372; 113.2; 113.2; 101.398; 111.213; 5.67022; 355.372; 13.89; 400; 113.2; vehicle_0; 113.2; 109.6
108.1; 200; 6.03; 355.938; 113.3; 113.3; 101.398; 111.272; 5.66582; 355.938; 13.89; 400; 113.3; vehicle_0; 113.2; 109.7
108.2; 200; 6.1; 356.505; 113.3; 113.3; 101.398; 111.331; 5.66256; 356.505; 13.89; 400; 113.3; vehicle_0; 113.3; 109.7
108.3; 200; 6.16; 357.071; 113.3; 113.3; 101.398; 111.391; 5.6598; 357.071; 13.89; 400; 113.3; vehicle_0; 113.3; 109.7
108.4; 200; 6.24; 357.636; 113.3; 113.3; 101.398; 111.45; 5.6576; 357.636; 13.89; 400; 113.3; vehicle_0; 113.3; 109.7
108.5; 200; 6.13; 358.202; 113.4; 113.4; 101.398; 111.509; 5.65673; 358.202; 13.89; 400; 113.4; vehicle_0; 113.3; 109.8
108.6; 200; 6.2; 358.768; 113.4; 113.4; 101.398; 111.568; 5.65756; 358.768; 13.89; 400; 113.4; vehicle_0; 113.4; 109.8
108.7; 200; 6.28; 359.334; 113.4; 113.4; 101.398; 111.628; 5.65918; 359.334; 13.89; 400; 113.4; vehicle_0; 113.4; 109.8
108.8; 200; 6.37; 359.9; 113.4; 113.4; 101.398; 111.687; 5.66148; 359.9; 13.89; 400; 113.4; vehicle_0; 113.4; 109.8
108.9; 200; 6.25; 360.466; 113.5; 113.5; 101.398; 111.746; 5.66529; 360.466; 13.89; 400; 113.5; vehicle_0; 113.4; 109.9
109; 200; 6.33; 361.033; 113.5; 113.5; 101.398; 111.805; 5.67108; 361.033; 13.89; 400; 113.5; vehicle_0; 113.5; 109.9
109.1; 200; 6.43; 361.601; 113.5; 113.5; 101.398; 111.864; 5.67778; 361.601; 13.89; 400; 113.5; vehicle_0; 113.5; 109.9
109.2; 200; 6.53; 362.17; 113.5; 113.5; 101.398; 111.924; 5.68526; 362.17; 13.89; 400; 113.5; vehicle_0; 113.5; 109.9
109.3; 200; 6.39; 362.739; 113.6; 113.6; 101.398; 111.983; 5.6945; 362.739; 13.89; 400; 113.6; vehicle_0; 113.5; 110
109.4; 200; 6.5; 363.31; 113.6; 113.6; 101.398; 112.041; 5.70602; 363.31; 13.89; 400; 113.6; vehicle_0; 113.6; 110
109.5; 200; 6.61; 363.882; 113.6; 113.6; 101.398; 112.1; 5.71852; 363.882; 13.89; 400; 113.6; vehicle_0; 113.6; 110
109.6; 200; 6.73; 364.455; 113.6; 113.6; 101.398; 112.159; 5.73197; 364.455; 13.89; 400; 113.6; vehicle_0; 113.6; 110
109.7; 200; 6.86; 365.03; 113.6; 113.6; 101.398; 112.218; 5.74752; 365.03; 13.89; 400; 113.6; vehicle_0; 113.6; 110
109.8; 200; 6.69; 365.606; 113.7; 113.7; 101.398; 112.276; 5.76591; 365.606; 13.89; 400; 113.7; vehicle_0; 113.6; 110.1
109.9; 200; 6.83; 366.185; 113.7; 113.7; 101.398; 112.334; 5.78739; 366.185; 13.89; 400; 113.7; vehicle_0; 113.7; 110.1
110; 200; 6.97; 366.766; 113.7; 113.7; 101.398; 112.393; 5.81025; 366.766; 13.89; 400; 113.7; vehicle_0; 113.7; 110.1
110.1; 200; 7.12; 367.349; 113.7; 113.7; 101.398; 112.451; 5.83436; 367.349; 13.89; 400; 113.7; vehicle_0; 113.7; 110.1
110.2; 200; 15.35; 367.935; 112.5; 112.5; 101.398; 112.508; 5.86112; 367.935; 13.89; 400; 0; vehicle_1; 113.7; 0
110.3; 200; 14.96; 368.525; 112.6; 112.6; 101.398; 112.566; 5.89573; 368.525; 13.89; 400; 0; vehicle_1; 112.5; 0
110.4; 200; 15.68; 369.12; 112.6; 112.6; 101.398; 112.623; 5.95279; 369.12; 13.89; 400; 0; vehicle_1; 112.6; 0
110.5; 200; 15.26; 369.723; 112.7; 112.7; 101.398; 112.68; 6.02421; 369.723; 13.89; 400; 0; vehicle_1; 112.6; 0
110.6; 200; 15.99; 370.333; 112.7; 112.7; 101.398; 112.736; 6.1014; 370.333; 13.89; 400; 0; vehicle_1; 112.7; 0
110.7; 200; 15.53; 370.951; 112.8; 112.8; 101.398; 112.791; 6.1815; 370.951; 13.89; 400; 0; vehicle_1; 112.7; 0
110.8; 200; 13.89; 371.577; 112.8; 112.8; 101.398; 112.846; 6.26363; 371.577; 13.89; 400; 0; vehicle_1; 112.8; 0
110.9; 200; 13.89; 372.212; 112.9; 112.9; 101.398; 112.901; 6.34752; 372.212; 13.89; 400; 0; vehicle_1; 112.8; 0
111; 200; 15.28; 372.855; 113; 113; 101.398; 112.954; 6.43239; 372.855; 13.89; 400; 0; vehicle_1; 112.9; 0
111.1; 200; 13.89; 373.507; 113; 113; 101.398; 113.007; 6.51785; 373.507; 13.89; 400; 0; vehicle_1; 113; 0
111.2; 200; 13.89; 374.168; 113.1; 113.1; 101.398; 113.06; 6.60423; 374.168; 13.89; 400; 0; vehicle_1; 113; 0
111.3; 200; 13.89; 374.837; 113.1; 113.1; 101.398; 113.112; 6.69199; 374.837; 13.89; 400; 0; vehicle_1; 113.1; 0
111.4; 200; 13.89; 375.515; 113.2; 113.2; 101.398; 113.163; 6.78163; 375.515; 13.89; 400; 0; vehicle_1; 113.1; 0
111.5; 200; 13.89; 376.202; 113.2; 113.2; 101.398; 113.213; 6.87366; 376.202; 13.89; 400; 0; vehicle_1; 113.2; 0
111.6; 200; 13.89; 376.899; 113.3; 113.3; 101.398; 113.263; 6.9681; 376.899; 13.89; 400; 0; vehicle_1; 113.2; 0
111.7; 200; 13.89; 377.606; 113.3; 113.3; 101.398; 113.312; 7.06472; 377.606; 13.89; 400; 0; vehicle_1; 113.3; 0
111.8; 200; 13.89; 378.322; 113.4; 113.4; 101.398; 113.361; 7.16256; 378.322; 13.89; 400; 0; vehicle_1; 113.3; 0
111.9; 200; 13.89; 379.048; 113.4; 113.4; 101.398; 113.408; 7.26115; 379.048; 13.89; 400; 0; vehicle_1; 113.4; 0
112; 200; 13.89; 379.784; 113.5; 113.5; 101.398; 113.455; 7.36055; 379.784; 13.89; 400; 0; vehicle_1; 113.4; 0
112.1; 200; 13.89; 380.53; 113.5; 113.5; 101.398; 113.502; 7.46086; 380.53; 13.89; 400; 0; vehicle_1; 113.5; 0
112.2; 200; 13.89; 381.286; 113.5; 113.5; 101.398; 113.547; 7.56223; 381.286; 13.89; 400; 0; vehicle_1; 113.5; 0
112.3; 200; 13.89; 382.053; 113.6; 113.6; 101.398; 113.592; 7.6648; 382.053; 13.89; 400; 0; vehicle_1; 113.5; 0
112.4; 200; 13.89; 382.83; 113.6; 113.6; 101.398; 113.636; 7.76856; 382.83; 13.89; 400; 0; vehicle_1; 113.6; 0
112.5; 200; 13.89; 383.617; 113.7; 113.7; 101.398; 113.679; 7.87286; 383.617; 13.89; 400; 0; vehicle_1; 113.6; 0
112.6; 200; 13.89; 384.415; 113.7; 113.7; 101.398; 113.722; 7.97736; 384.415; 13.89; 400; 0; vehicle_1; 113.7; 0
112.7; 200; 13.89; 385.223; 113.8; 113.8; 101.398; 113.764; 8.08205; 385.223; 13.89; 400; 0; vehicle_1; 113.7; 0
112.8; 200; 13.89; 386.042; 113.8; 113.8; 101.398; 113.805; 8.1869; 386.042; 13.89; 400; 0; vehicle_1; 113.8; 0
112.9; 200; 13.89; 386.871; 113.8; 113.8; 101.398; 113.845; 8.29194; 386.871; 13.89; 400; 0; vehicle_1; 113.8; 0
113; 200; 13.89; 387.711; 113.9; 113.9; 101.398; 113.885; 8.39715; 387.711; 13.89; 400; 0; vehicle_1; 113.8; 0
113.1; 200; 13.89; 388.561; 113.9; 113.9; 101.398; 113.924; 8.50258; 388.561; 13.89; 400; 0; vehicle_1; 113.9; 0
