61.7; 200; 13.45; 1.9039; 92.6977; 92.6977; 90.4977; 90.3606; 13.4679; 1.9039; 13.89; 400; 92.6977; flow_1.1; 0; 90.4977
61.8; 200; 13.44; 3.2489; 92.6977; 92.6977; 90.4977; 90.3638; 13.45; 3.2489; 13.89; 400; 92.6977; flow_1.1; 92.6977; 90.4977
61.9; 200; 13.43; 4.59293; 92.6977; 92.6977; 90.4977; 90.367; 13.44; 4.59293; 13.89; 400; 92.6977; flow_0.1; 92.6977; 90.4977
62; 200; 13.42; 5.93591; 92.6977; 92.6977; 90.4977; 90.3703; 13.43; 5.93591; 13.89; 400; 92.6977; flow_0.1; 92.6977; 90.4977
62.1; 200; 13.41; 7.27792; 92.6977; 92.6977; 90.4977; 90.3737; 13.42; 7.27792; 13.89; 400; 92.6977; flow_0.1; 92.6977; 90.4977
62.2; 200; 13.4; 8.61893; 92.6977; 92.6977; 90.4977; 90.3772; 13.41; 8.61893; 13.89; 400; 92.6977; flow_0.1; 92.6977; 90.4977
62.3; 200; 13.39; 9.95892; 92.6977; 92.6977; 90.4977; 90.3807; 13.4; 9.95892; 13.89; 400; 92.6977; flow_0.1; 92.6977; 90.4977
62.4; 200; 13.38; 11.2979; 92.6977; 92.6977; 90.4977; 90.3843; 13.39; 11.2979; 13.89; 400; 92.6977; flow_0.1; 92.6977; 90.4977
62.5; 200; 13.37; 12.6359; 92.6977; 92.6977; 90.4977; 90.388; 13.38; 12.6359; 13.89; 400; 92.6977; flow_0.1; 92.6977; 90.4977
62.6; 200; 13.36; 13.9729; 92.6977; 92.6977; 90.4977; 90.3917; 13.37; 13.9729; 13.89; 400; 92.6977; flow_0.1; 92.6977; 90.4977
62.7; 200; 13.35; 15.3089; 92.6977; 92.6977; 90.4977; 90.3955; 13.36; 15.3089; 13.89; 400; 92.6977; flow_0.1; 92.6977; 90.4977
62.8; 200; 13.34; 16.6439; 92.6977; 92.6977; 90.4977; 90.3994; 13.35; 16.6439; 13.89; 400; 92.6977; flow_0.1; 92.6977; 90.4977
62.9; 200; 13.33; 17.9779; 92.6977; 92.6977; 90.4977; 90.4034; 13.34; 17.9779; 13.89; 400; 92.6977; flow_0.1; 92.6977; 90.4977
63; 200; 13.32; 19.3109; 92.6977; 92.6977; 90.4977; 90.4074; 13.33; 19.3109; 13.89; 400; 92.6977; flow_0.1; 92.6977; 90.4977
63.1; 200; 13.31; 20.6429; 92.6977; 92.6977; 90.4977; 90.4115; 13.32; 20.6429; 13.89; 400; 92.6977; flow_0.1; 92.6977; 90.4977
63.2; 200; 13.3; 21.9739; 92.6977; 92.6977; 90.4977; 90.4157; 13.31; 21.9739; 13.89; 400; 92.6977; flow_0.1; 92.6977; 90.4977
63.3; 200; 13.29; 23.3039; 92.6977; 92.6977; 90.4977; 90.4199; 13.3; 23.3039; 13.89; 400; 92.6977; flow_0.1; 92.6977; 90.4977
63.4; 200; 13.28; 24.6329; 92.6977; 92.6977; 90.4977; 90.4243; 13.29; 24.6329; 13.89; 400; 92.6977; flow_0.1; 92.6977; 90.4977
63.5; 200; 13.27; 25.9609; 92.6977; 92.6977; 90.4977; 90.4287; 13.28; 25.9609; 13.89; 400; 92.6977; flow_0.1; 92.6977; 90.4977
63.6; 200; 13.26; 27.2879; 92.6977; 92.6977; 90.4977; 90.4331; 13.27; 27.2879; 13.89; 400; 92.6977; flow_0.1; 92.6977; 90.4977
63.7; 200; 13.25; 28.6139; 92.6977; 92.6977; 90.4977; 90.4377; 13.26; 28.6139; 13.89; 400; 92.6977; flow_0.1; 92.6977; 90.4977
63.8; 200; 13.24; 29.9389; 92.6977; 92.6977; 90.4977; 90.4423; 13.25; 29.9389; 13.89; 400; 92.6977; flow_0.1; 92.6977; 90.4977
63.9; 200; 13.23; 31.2629; 92.6977; 92.6977; 90.4977; 90.4469; 13.24; 31.2629; 13.89; 400; 92.6977; flow_0.1; 92.6977; 90.4977
64; 200; 13.22; 32.5859; 92.6977; 92.6977; 90.4977; 90.4517; 13.23; 32.5859; 13.89; 400; 92.6977; flow_1.2; 92.6977; 90.4977
64.1; 200; 13.21; 33.9079; 92.6977; 92.6977; 90.4977; 90.4565; 13.22; 33.9079; 13.89; 400; 92.6977; flow_1.2; 92.6977; 90.4977
64.2; 200; 13.2; 35.2289; 92.6977; 92.6977; 90.4977; 90.4614; 13.21; 35.2289; 13.89; 400; 92.6977; flow_1.2; 92.6977; 90.4977
64.3; 200; 13.19; 36.5489; 92.6977; 92.6977; 90.4977; 90.4664; 13.2; 36.5489; 13.89; 400; 92.6977; flow_1.2; 92.6977; 90.4977
64.4; 200; 13.18; 37.8679; 92.6977; 92.6977; 90.4977; 90.4714; 13.19; 37.8679; 13.89; 400; 92.6977; flow_1.2; 92.6977; 90.4977
64.5; 200; 13.17; 39.1859; 92.6977; 92.6977; 90.4977; 90.4765; 13.18; 39.1859; 13.89; 400; 92.6977; flow_1.2; 92.6977; 90.4977
64.6; 200; 13.16; 40.5029; 92.6977; 92.6977; 90.4977; 90.4817; 13.17; 40.5029; 13.89; 400; 92.6977; flow_1.2; 92.6977; 90.4977
64.7; 200; 13.15; 41.8189; 92.6977; 92.6977; 90.4977; 90.487; 13.16; 41.8189; 13.89; 400; 92.6977; flow_1.2; 92.6977; 90.4977
64.8; 200; 13.14; 43.1339; 92.6977; 92.6977; 90.4977; 90.4923; 13.15; 43.1339; 13.89; 400; 92.6977; flow_1.2; 92.6977; 90.4977
64.9; 200; 13.13; 44.4479; 92.6977; 92.6977; 90.4977; 90.4977; 13.14; 44.4479; 13.89; 400; 92.6977; flow_1.2; 92.6977; 90.4977
65; 200; 13.12; 45.7609; 92.6977; 92.6977; 90.4977; 90.5032; 13.13; 45.7609; 13.89; 400; 92.6977; flow_1.2; 92.6977; 90.4977
65.1; 200; 13.11; 47.0729; 92.6977; 92.6977; 90.4977; 90.5087; 13.12; 47.0729; 13.89; 400; 92.6977; flow_1.2; 92.6977; 90.4977
65.2; 200; 13.1; 48.3839; 92.6977; 92.6977; 90.4977; 90.5143; 13.11; 48.3839; 13.89; 400; 92.6977; flow_1.2; 92.6977; 90.4977
65.3; 200; 13.09; 49.6939; 92.6977; 92.6977; 90.4977; 90.52; 13.1; 49.6939; 13.89; 400; 92.6977; flow_1.2; 92.6977; 90.4977
65.4; 200; 13.08; 51.0029; 92.6977; 92.6977; 90.4977; 90.5258; 13.09; 51.0029; 13.89; 400; 92.6977; flow_1.2; 92.6977; 90.4977
65.5; 200; 13.07; 52.3109; 92.6977; 92.6977; 90.4977; 90.5316; 13.08; 52.3109; 13.89; 400; 92.6977; flow_1.2; 92.6977; 90.4977
65.6; 200; 13.06; 53.6179; 92.6977; 92.6977; 90.4977; 90.5375; 13.07; 53.6179; 13.89; 400; 92.6977; flow_1.2; 92.6977; 90.4977
65.7; 200; 13.05; 54.9239; 92.6977; 92.6977; 90.4977; 90.5435; 13.06; 54.9239; 13.89; 400; 92.6977; flow_1.2; 92.6977; 90.4977
65.8; 200; 13.04; 56.2289; 92.6977; 92.6977; 90.4977; 90.5495; 13.05; 56.2289; 13.89; 400; 92.6977; flow_1.2; 92.6977; 90.4977
65.9; 200; 13.03; 57.5329; 92.6977; 92.6977; 90.4977; 90.5557; 13.04; 57.5329; 13.89; 400; 92.6977; flow_1.2; 92.6977; 90.4977
66; 200; 13.02; 58.8359; 92.6977; 92.6977; 90.4977; 90.5618; 13.03; 58.8359; 13.89; 400; 92.6977; flow_1.2; 92.6977; 90.4977
66.1; 200; 13.01; 60.1379; 92.6977; 92.6977; 90.4977; 90.5681; 13.02; 60.1379; 13.89; 400; 92.6977; flow_1.2; 92.6977; 90.4977
66.2; 200; 13; 61.4389; 92.6977; 92.6977; 90.4977; 90.5744; 13.01; 61.4389; 13.89; 400; 92.6977; flow_0.2; 92.6977; 90.4977
66.3; 200; 12.99; 62.7389; 92.6977; 92.6977; 90.4977; 90.5809; 13; 62.7389; 13.89; 400; 92.6977; flow_0.2; 92.6977; 90.4977
66.4; 200; 12.98; 64.0379; 92.6977; 92.6977; 90.4977; 90.5873; 12.99; 64.0379; 13.89; 400; 92.6977; flow_0.2; 92.6977; 90.4977
66.5; 200; 12.97; 65.3359; 92.6977; 92.6977; 90.4977; 90.5939; 12.98; 65.3359; 13.89; 400; 92.6977; flow_0.2; 92.6977; 90.4977
66.6; 200; 12.96; 66.6329; 92.6977; 92.6977; 90.4977; 90.6005; 12.97; 66.6329; 13.89; 400; 92.6977; flow_0.2; 92.6977; 90.4977
66.7; 200; 12.95; 67.9289; 92.6977; 92.6977; 90.4977; 90.6072; 12.96; 67.9289; 13.89; 400; 92.6977; flow_0.2; 92.6977; 90.4977
66.8; 200; 12.94; 69.2239; 92.6977; 92.6977; 90.4977; 90.614; 12.95; 69.2239; 13.89; 400; 92.6977; flow_0.2; 92.6977; 90.4977
66.9; 200; 12.93; 70.5179; 92.6977; 92.6977; 90.4977; 90.6208; 12.94; 70.5179; 13.89; 400; 92.6977; flow_0.2; 92.6977; 90.4977
67; 200; 12.92; 71.8109; 92.6977; 92.6977; 90.4977; 90.6277; 12.93; 71.8109; 13.89; 400; 92.6977; flow_0.2; 92.6977; 90.4977
67.1; 200; 12.91; 73.1029; 92.6977; 92.6977; 90.4977; 90.6347; 12.92; 73.1029; 13.89; 400; 92.6977; flow_0.2; 92.6977; 90.4977
67.2; 200; 12.9; 74.3939; 92.6977; 92.6977; 90.4977; 90.6418; 12.91; 74.3939; 13.89; 400; 92.6977; flow_0.2; 92.6977; 90.4977
67.3; 200; 12.89; 75.6839; 92.6977; 92.6977; 90.4977; 90.6489; 12.9; 75.6839; 13.89; 400; 92.6977; flow_0.2; 92.6977; 90.4977
67.4; 200; 12.88; 76.9729; 92.6977; 92.6977; 90.4977; 90.6561; 12.89; 76.9729; 13.89; 400; 92.6977; flow_0.2; 92.6977; 90.4977
67.5; 200; 12.87; 78.2609; 92.6977; 92.6977; 90.4977; 90.6634; 12.88; 78.2609; 13.89; 400; 92.6977; flow_0.2; 92.6977; 90.4977
67.6; 200; 12.86; 79.5479; 92.6977; 92.6977; 90.4977; 90.6707; 12.87; 79.5479; 13.89; 400; 92.6977; flow_0.2; 92.6977; 90.4977
67.7; 200; 12.85; 80.8339; 92.6977; 92.6977; 90.4977; 90.6781; 12.86; 80.8339; 13.89; 400; 92.6977; flow_0.2; 92.6977; 90.4977
67.8; 200; 12.84; 82.1189; 92.6977; 92.6977; 90.4977; 90.6856; 12.85; 82.1189; 13.89; 400; 92.6977; flow_0.2; 92.6977; 90.4977
67.9; 200; 12.83; 83.4029; 92.6977; 92.6977; 90.4977; 90.6932; 12.84; 83.4029; 13.89; 400; 92.6977; flow_0.2; 92.6977; 90.4977
68; 200; 12.82; 84.6859; 92.6977; 92.6977; 90.4977; 90.7008; 12.83; 84.6859; 13.89; 400; 92.6977; flow_0.2; 92.6977; 90.4977
68.1; 200; 12.81; 85.9679; 92.6977; 92.6977; 90.4977; 90.7085; 12.82; 85.9679; 13.89; 400; 92.6977; flow_0.2; 92.6977; 90.4977
68.2; 200; 12.8; 87.2489; 92.6977; 92.6977; 90.4977; 90.7163; 12.81; 87.2489; 13.89; 400; 92.6977; flow_0.2; 92.6977; 90.4977
68.3; 200; 12.79; 88.5289; 92.6977; 92.6977; 90.4977; 90.7241; 12.8; 88.5289; 13.89; 400; 92.6977; flow_0.2; 92.6977; 90.4977
68.4; 200; 12.78; 89.8079; 92.6977; 92.6977; 90.4977; 90.732; 12.79; 89.8079; 13.89; 400; 92.6977; flow_0.2; 92.6977; 90.4977
68.5; 200; 12.77; 91.0859; 92.6977; 92.6977; 90.4977; 90.74; 12.78; 91.0859; 13.89; 400; 92.6977; flow_0.2; 92.6977; 90.4977
68.6; 200; 12.76; 92.3629; 92.6977; 92.6977; 90.4977; 90.7481; 12.77; 92.3629; 13.89; 400; 92.6977; flow_0.2; 92.6977; 90.4977
68.7; 200; 12.75; 93.6389; 92.6977; 92.6977; 90.4977; 90.7562; 12.76; 93.6389; 13.89; 400; 92.6977; flow_0.2; 92.6977; 90.4977
68.8; 200; 12.74; 94.9139; 92.6977; 92.6977; 90.4977; 90.7644; 12.75; 94.9139; 13.89; 400; 92.6977; flow_0.2; 92.6977; 90.4977
68.9; 200; 12.73; 96.1879; 92.6977; 92.6977; 90.4977; 90.7727; 12.74; 96.1879; 13.89; 400; 92.6977; flow_0.2; 92.6977; 90.4977
69; 200; 12.72; 97.4609; 92.6977; 92.6977; 90.4977; 90.7811; 12.73; 97.4609; 13.89; 400; 92.6977; flow_0.2; 92.6977; 90.4977
69.1; 200; 12.71; 98.7329; 92.6977; 92.6977; 90.4977; 90.7895; 12.72; 98.7329; 13.89; 400; 92.6977; flow_0.2; 92.6977; 90.4977
69.2; 200; 12.7; 100.004; 92.6977; 92.6977; 90.4977; 90.798; 12.71; 100.004; 13.89; 400; 92.6977; flow_0.2; 92.6977; 90.4977
69.3; 200; 12.69; 101.274; 92.6977; 92.6977; 90.4977; 90.8066; 12.7; 101.274; 13.89; 400; 92.6977; flow_0.2; 92.6977; 90.4977
69.4; 200; 12.68; 102.543; 92.6977; 92.6977; 90.4977; 90.8152; 12.69; 102.543; 13.89; 400; 92.6977; flow_0.2; 92.6977; 90.4977
69.5; 200; 12.67; 103.811; 92.6977; 92.6977; 90.4977; 90.8239; 12.68; 103.811; 13.89; 400; 92.6977; flow_0.2; 92.6977; 90.4977
69.6; 200; 12.66; 105.078; 92.6977; 92.6977; 90.4977; 90.8327; 12.67; 105.078; 13.89; 400; 92.6977; flow_0.2; 92.6977; 90.4977
69.7; 200; 12.65; 106.344; 92.6977; 92.6977; 90.4977; 90.8415; 12.66; 106.344; 13.89; 400; 92.6977; flow_0.2; 92.6977; 90.4977
69.8; 200; 12.64; 107.609; 92.6977; 92.6977; 90.4977; 90.8505; 12.65; 107.609; 13.89; 400; 92.6977; flow_0.2; 92.6977; 90.4977
69.9; 200; 12.63; 108.873; 92.6977; 92.6977; 90.4977; 90.8595; 12.64; 108.873; 13.89; 400; 92.6977; flow_0.2; 92.6977; 90.4977
70; 200; 12.62; 110.136; 92.6977; 92.6977; 90.4977; 90.8685; 12.63; 110.136; 13.89; 400; 92.6977; flow_0.2; 92.6977; 90.4977
70.1; 200; 12.61; 111.398; 92.6977; 92.6977; 90.4977; 90.8777; 12.62; 111.398; 13.89; 400; 92.6977; flow_0.2; 92.6977; 90.4977
70.2; 200; 12.6; 112.659; 92.6977; 92.6977; 90.4977; 90.8869; 12.61; 112.659; 13.89; 400; 92.6977; flow_0.2; 92.6977; 90.4977
70.3; 200; 12.59; 113.919; 92.6977; 92.6977; 90.4977; 90.8962; 12.6; 113.919; 13.89; 400; 92.6977; flow_0.2; 92.6977; 90.4977
70.4; 200; 12.58; 115.178; 92.6977; 92.6977; 90.4977; 90.9056; 12.59; 115.178; 13.89; 400; 92.6977; flow_0.2; 92.6977; 90.4977
70.5; 200; 12.57; 116.436; 92.6977; 92.6977; 90.4977; 90.915; 12.58; 116.436; 13.89; 400; 92.6977; flow_0.2; 92.6977; 90.4977
70.6; 200; 12.56; 117.693; 92.6977; 92.6977; 90.4977; 90.9245; 12.57; 117.693; 13.89; 400; 92.6977; flow_0.2; 92.6977; 90.4977
70.7; 200; 12.55; 118.949; 92.6977; 92.6977; 90.4977; 90.9341; 12.56; 118.949; 13.89; 400; 92.6977; flow_0.2; 92.6977; 90.4977
70.8; 200; 12.54; 120.204; 92.6977; 92.6977; 90.4977; 90.9437; 12.55; 120.204; 13.89; 400; 92.6977; flow_0.3; 92.6977; 90.4977
70.9; 200; 12.53; 121.458; 92.6977; 92.6977; 90.4977; 90.9534; 12.54; 121.458; 13.89; 400; 92.6977; flow_0.3; 92.6977; 90.4977
71; 200; 12.52; 122.711; 92.6977; 92.6977; 90.4977; 90.9632; 12.53; 122.711; 13.89; 400; 92.6977; flow_0.3; 92.6977; 90.4977
71.1; 200; 12.51; 123.963; 92.6977; 92.6977; 90.4977; 90.9731; 12.52; 123.963; 13.89; 400; 92.6977; flow_0.3; 92.6977; 90.4977
71.2; 200; 12.5; 125.214; 92.6977; 92.6977; 90.4977; 90.983; 12.51; 125.214; 13.89; 400; 92.6977; flow_0.3; 92.6977; 90.4977
71.3; 200; 12.5; 126.464; 92.6977; 92.6977; 90.4977; 90.993; 12.5; 126.464; 13.89; 400; 92.6977; flow_0.3; 92.6977; 90.4977
71.4; 200; 12.5; 127.714; 92.6977; 92.6977; 90.4977; 91.003; 12.5; 127.714; 13.89; 400; 92.6977; flow_0.3; 92.6977; 90.4977
71.5; 200; 12.5; 128.964; 92.6977; 92.6977; 90.4977; 91.013; 12.5; 128.964; 13.89; 400; 92.6977; flow_0.3; 92.6977; 90.4977
71.6; 200; 12.5; 130.214; 92.6977; 92.6977; 90.4977; 91.023; 12.5; 130.214; 13.89; 400; 92.6977; flow_0.3; 92.6977; 90.4977
71.7; 200; 12.5; 131.464; 92.6977; 92.6977; 90.4977; 91.033; 12.5; 131.464; 13.89; 400; 92.6977; flow_0.3; 92.6977; 90.4977
71.8; 200; 12.5; 132.714; 92.6977; 92.6977; 90.4977; 91.0431; 12.5; 132.714; 13.89; 400; 92.6977; flow_0.3; 92.6977; 90.4977
71.9; 200; 12.5; 133.964; 92.6977; 92.6977; 90.4977; 91.0531; 12.5; 133.964; 13.89; 400; 92.6977; flow_0.3; 92.6977; 90.4977
72; 200; 12.5; 135.214; 92.6977; 92.6977; 90.4977; 91.0631; 12.5; 135.214; 13.89; 400; 92.6977; flow_0.3; 92.6977; 90.4977
72.1; 200; 12.5; 136.464; 92.6977; 92.6977; 90.4977; 91.0731; 12.5; 136.464; 13.89; 400; 92.6977; flow_0.3; 92.6977; 90.4977
72.2; 200; 12.5; 137.714; 92.6977; 92.6977; 90.4977; 91.0831; 12.5; 137.714; 13.89; 400; 92.6977; flow_0.3; 92.6977; 90.4977
72.3; 200; 12.5; 138.964; 92.6977; 92.6977; 90.4977; 91.0931; 12.5; 138.964; 13.89; 400; 92.6977; flow_0.3; 92.6977; 90.4977
72.4; 200; 12.5; 140.214; 92.6977; 92.6977; 90.4977; 91.1031; 12.5; 140.214; 13.89; 400; 92.6977; flow_0.3; 92.6977; 90.4977
72.5; 200; 12.5; 141.464; 92.6977; 92.6977; 90.4977; 91.1131; 12.5; 141.464; 13.89; 400; 92.6977; flow_0.3; 92.6977; 90.4977
72.6; 200; 12.49; 142.714; 92.7184; 92.7184; 90.4977; 91.1231; 12.5; 142.714; 13.89; 400; 92.7184; flow_0.3; 92.6977; 90.5184
72.7; 200; 12.49; 143.963; 92.7184; 92.7184; 90.4977; 91.1332; 12.49; 143.963; 13.89; 400; 92.7184; flow_0.3; 92.7184; 90.5184
72.8; 200; 12.49; 145.212; 92.7184; 92.7184; 90.4977; 91.1433; 12.49; 145.212; 13.89; 400; 92.7184; flow_0.3; 92.7184; 90.5184
72.9; 200; 12.49; 146.461; 92.7184; 92.7184; 90.4977; 91.1534; 12.49; 146.461; 13.89; 400; 92.7184; flow_0.3; 92.7184; 90.5184
73; 200; 12.49; 147.71; 92.7184; 92.7184; 90.4977; 91.1634; 12.49; 147.71; 13.89; 400; 92.7184; flow_1.3; 92.7184; 90.5184
73.1; 200; 12.49; 148.959; 92.7184; 92.7184; 90.4977; 91.1735; 12.49; 148.959; 13.89; 400; 92.7184; flow_1.3; 92.7184; 90.5184
73.2; 200; 12.49; 150.208; 92.7184; 92.7184; 90.4977; 91.1836; 12.49; 150.208; 13.89; 400; 92.7184; flow_1.3; 92.7184; 90.5184
73.3; 200; 12.49; 151.457; 92.7184; 92.7184; 90.4977; 91.1937; 12.49; 151.457; 13.89; 400; 92.7184; flow_1.3; 92.7184; 90.5184
73.4; 200; 12.49; 152.706; 92.7184; 92.7184; 90.4977; 91.2038; 12.49; 152.706; 13.89; 400; 92.7184; flow_1.3; 92.7184; 90.5184
73.5; 200; 12.49; 153.955; 92.7184; 92.7184; 90.4977; 91.2138; 12.49; 153.955; 13.89; 400; 92.7184; flow_1.3; 92.7184; 90.5184
73.6; 200; 12.49; 155.204; 92.7184; 92.7184; 90.4977; 91.2239; 12.49; 155.204; 13.89; 400; 92.7184; flow_1.3; 92.7184; 90.5184
73.7; 200; 12.49; 156.453; 92.7184; 92.7184; 90.4977; 91.234; 12.49; 156.453; 13.89; 400; 92.7184; flow_1.3; 92.7184; 90.5184
73.8; 200; 12.49; 157.702; 92.7184; 92.7184; 90.4977; 91.2441; 12.49; 157.702; 13.89; 400; 92.7184; flow_1.3; 92.7184; 90.5184
73.9; 200; 12.49; 158.951; 92.7184; 92.7184; 90.4977; 91.2541; 12.49; 158.951; 13.89; 400; 92.7184; flow_1.3; 92.7184; 90.5184
74; 200; 12.49; 160.2; 92.7184; 92.7184; 90.4977; 91.2642; 12.49; 160.2; 13.89; 400; 92.7184; flow_1.3; 92.7184; 90.5184
74.1; 200; 12.49; 161.449; 92.7184; 92.7184; 90.4977; 91.2743; 12.49; 161.449; 13.89; 400; 92.7184; flow_1.3; 92.7184; 90.5184
74.2; 200; 12.49; 162.698; 92.7184; 92.7184; 90.4977; 91.2844; 12.49; 162.698; 13.89; 400; 92.7184; flow_1.3; 92.7184; 90.5184
74.3; 200; 12.49; 163.947; 92.7184; 92.7184; 90.4977; 91.2945; 12.49; 163.947; 13.89; 400; 92.7184; flow_1.3; 92.7184; 90.5184
74.4; 200; 12.49; 165.196; 92.7184; 92.7184; 90.4977; 91.3045; 12.49; 165.196; 13.89; 400; 92.7184; flow_1.3; 92.7184; 90.5184
74.5; 200; 12.49; 166.445; 92.7184; 92.7184; 90.4977; 91.3146; 12.49; 166.445; 13.89; 400; 92.7184; flow_1.3; 92.7184; 90.5184
74.6; 200; 12.49; 167.694; 92.7184; 92.7184; 90.4977; 91.3247; 12.49; 167.694; 13.89; 400; 92.7184; flow_1.3; 92.7184; 90.5184
74.7; 200; 12.49; 168.943; 92.7184; 92.7184; 90.4977; 91.3348; 12.49; 168.943; 13.89; 400; 92.7184; flow_1.3; 92.7184; 90.5184
74.8; 200; 12.49; 170.192; 92.7184; 92.7184; 90.4977; 91.3449; 12.49; 170.192; 13.89; 400; 92.7184; flow_1.3; 92.7184; 90.5184
74.9; 200; 12.49; 171.441; 92.7184; 92.7184; 90.4977; 91.3549; 12.49; 171.441; 13.89; 400; 92.7184; flow_1.3; 92.7184; 90.5184
75; 200; 12.49; 172.69; 92.7184; 92.7184; 90.4977; 91.365; 12.49; 172.69; 13.89; 400; 92.7184; flow_1.3; 92.7184; 90.5184
75.1; 200; 12.49; 173.939; 92.7184; 92.7184; 90.4977; 91.3751; 12.49; 173.939; 13.89; 400; 92.7184; flow_1.3; 92.7184; 90.5184
75.2; 200; 12.49; 175.188; 92.7184; 92.7184; 90.4977; 91.3852; 12.49; 175.188; 13.89; 400; 92.7184; flow_1.3; 92.7184; 90.5184
75.3; 200; 12.49; 176.437; 92.7184; 92.7184; 90.4977; 91.3953; 12.49; 176.437; 13.89; 400; 92.7184; flow_1.4; 92.7184; 90.5184
75.4; 200; 12.49; 177.686; 92.7184; 92.7184; 90.4977; 91.4053; 12.49; 177.686; 13.89; 400; 92.7184; flow_1.4; 92.7184; 90.5184
75.5; 200; 12.49; 178.935; 92.7184; 92.7184; 90.4977; 91.4154; 12.49; 178.935; 13.89; 400; 92.7184; flow_1.4; 92.7184; 90.5184
75.6; 200; 12.49; 180.184; 92.7184; 92.7184; 90.4977; 91.4255; 12.49; 180.184; 13.89; 400; 92.7184; flow_1.4; 92.7184; 90.5184
75.7; 200; 12.49; 181.433; 92.7184; 92.7184; 90.4977; 91.4356; 12.49; 181.433; 13.89; 400; 92.7184; flow_1.4; 92.7184; 90.5184
75.8; 200; 12.49; 182.682; 92.7184; 92.7184; 90.4977; 91.4457; 12.49; 182.682; 13.89; 400; 92.7184; flow_1.4; 92.7184; 90.5184
75.9; 200; 12.49; 183.931; 92.7184; 92.7184; 90.4977; 91.4557; 12.49; 183.931; 13.89; 400; 92.7184; flow_1.4; 92.7184; 90.5184
76; 200; 12.49; 185.18; 92.7184; 92.7184; 90.4977; 91.4658; 12.49; 185.18; 13.89; 400; 92.7184; flow_1.4; 92.7184; 90.5184
76.1; 200; 12.49; 186.429; 92.7184; 92.7184; 90.4977; 91.4759; 12.49; 186.429; 13.89; 400; 92.7184; flow_1.4; 92.7184; 90.5184
76.2; 200; 12.49; 187.678; 92.7184; 92.7184; 90.4977; 91.486; 12.49; 187.678; 13.89; 400; 92.7184; flow_1.4; 92.7184; 90.5184
76.3; 200; 12.49; 188.927; 92.7184; 92.7184; 90.4977; 91.496; 12.49; 188.927; 13.89; 400; 92.7184; flow_1.4; 92.7184; 90.5184
76.4; 200; 12.49; 190.176; 92.7184; 92.7184; 90.4977; 91.5061; 12.49; 190.176; 13.89; 400; 92.7184; flow_1.4; 92.7184; 90.5184
76.5; 200; 12.49; 191.425; 92.7184; 92.7184; 90.4977; 91.5162; 12.49; 191.425; 13.89; 400; 92.7184; flow_1.4; 92.7184; 90.5184
76.6; 200; 12.49; 192.674; 92.7184; 92.7184; 90.4977; 91.5263; 12.49; 192.674; 13.89; 400; 92.7184; flow_1.4; 92.7184; 90.5184
76.7; 200; 12.49; 193.923; 92.7184; 92.7184; 90.4977; 91.5364; 12.49; 193.923; 13.89; 400; 92.7184; flow_1.4; 92.7184; 90.5184
76.8; 200; 12.49; 195.172; 92.7184; 92.7184; 90.4977; 91.5464; 12.49; 195.172; 13.89; 400; 92.7184; flow_1.4; 92.7184; 90.5184
76.9; 200; 12.49; 196.421; 92.7184; 92.7184; 90.4977; 91.5565; 12.49; 196.421; 13.89; 400; 92.7184; flow_1.4; 92.7184; 90.5184
77; 200; 12.49; 197.67; 92.7184; 92.7184; 90.4977; 91.5666; 12.49; 197.67; 13.89; 400; 92.7184; flow_1.4; 92.7184; 90.5184
77.1; 200; 12.49; 198.919; 92.7184; 92.7184; 90.4977; 91.5767; 12.49; 198.919; 13.89; 400; 92.7184; flow_1.4; 92.7184; 90.5184
77.2; 200; 12.49; 200.168; 92.7184; 92.7184; 90.4977; 91.5868; 12.49; 200.168; 13.89; 400; 92.7184; flow_1.4; 92.7184; 90.5184
77.3; 200; 12.49; 201.417; 92.7184; 92.7184; 90.4977; 91.5968; 12.49; 201.417; 13.89; 400; 92.7184; flow_1.4; 92.7184; 90.5184
77.4; 200; 12.49; 202.666; 92.7184; 92.7184; 90.4977; 91.6069; 12.49; 202.666; 13.89; 400; 92.7184; flow_1.4; 92.7184; 90.5184
77.5; 200; 12.49; 203.915; 92.7184; 92.7184; 90.4977; 91.617; 12.49; 203.915; 13.89; 400; 92.7184; flow_1.5; 92.7184; 90.5184
77.6; 200; 12.49; 205.164; 92.7184; 92.7184; 90.4977; 91.6271; 12.49; 205.164; 13.89; 400; 92.7184; flow_1.5; 92.7184; 90.5184
77.7; 200; 12.49; 206.413; 92.7184; 92.7184; 90.4977; 91.6372; 12.49; 206.413; 13.89; 400; 92.7184; flow_1.5; 92.7184; 90.5184
77.8; 200; 12.49; 207.662; 92.7184; 92.7184; 90.4977; 91.6472; 12.49; 207.662; 13.89; 400; 92.7184; flow_1.5; 92.7184; 90.5184
77.9; 200; 12.49; 208.911; 92.7184; 92.7184; 90.4977; 91.6573; 12.49; 208.911; 13.89; 400; 92.7184; flow_1.5; 92.7184; 90.5184
78; 200; 12.49; 210.16; 92.7184; 92.7184; 90.4977; 91.6674; 12.49; 210.16; 13.89; 400; 92.7184; flow_1.5; 92.7184; 90.5184
78.1; 200; 12.49; 211.409; 92.7184; 92.7184; 90.4977; 91.6775; 12.49; 211.409; 13.89; 400; 92.7184; flow_1.5; 92.7184; 90.5184
78.2; 200; 12.49; 212.658; 92.7184; 92.7184; 90.4977; 91.6875; 12.49; 212.658; 13.89; 400; 92.7184; flow_1.5; 92.7184; 90.5184
78.3; 200; 12.49; 213.907; 92.7184; 92.7184; 90.4977; 91.6976; 12.49; 213.907; 13.89; 400; 92.7184; flow_1.5; 92.7184; 90.5184
78.4; 200; 12.49; 215.156; 92.7184; 92.7184; 90.4977; 91.7077; 12.49; 215.156; 13.89; 400; 92.7184; flow_1.5; 92.7184; 90.5184
78.5; 200; 12.49; 216.405; 92.7184; 92.7184; 90.4977; 91.7178; 12.49; 216.405; 13.89; 400; 92.7184; flow_1.5; 92.7184; 90.5184
78.6; 200; 12.49; 217.654; 92.7184; 92.7184; 90.4977; 91.7279; 12.49; 217.654; 13.89; 400; 92.7184; flow_1.5; 92.7184; 90.5184
78.7; 200; 12.49; 218.903; 92.7184; 92.7184; 90.4977; 91.7379; 12.49; 218.903; 13.89; 400; 92.7184; flow_1.5; 92.7184; 90.5184
78.8; 200; 12.49; 220.152; 92.7184; 92.7184; 90.4977; 91.748; 12.49; 220.152; 13.89; 400; 92.7184; flow_1.5; 92.7184; 90.5184
78.9; 200; 12.49; 221.401; 92.7184; 92.7184; 90.4977; 91.7581; 12.49; 221.401; 13.89; 400; 92.7184; flow_1.5; 92.7184; 90.5184
79; 200; 12.49; 222.65; 92.7184; 92.7184; 90.4977; 91.7682; 12.49; 222.65; 13.89; 400; 92.7184; flow_1.5; 92.7184; 90.5184
79.1; 200; 12.49; 223.899; 92.7184; 92.7184; 90.4977; 91.7783; 12.49; 223.899; 13.89; 400; 92.7184; flow_1.5; 92.7184; 90.5184
79.2; 200; 12.49; 225.148; 92.7184; 92.7184; 90.4977; 91.7883; 12.49; 225.148; 13.89; 400; 92.7184; flow_1.5; 92.7184; 90.5184
79.3; 200; 12.49; 226.397; 92.7184; 92.7184; 90.4977; 91.7984; 12.49; 226.397; 13.89; 400; 92.7184; flow_1.5; 92.7184; 90.5184
79.4; 200; 12.49; 227.646; 92.7184; 92.7184; 90.4977; 91.8085; 12.49; 227.646; 13.89; 400; 92.7184; flow_1.5; 92.7184; 90.5184
79.5; 200; 12.49; 228.895; 92.7184; 92.7184; 90.4977; 91.8186; 12.49; 228.895; 13.89; 400; 92.7184; flow_1.5; 92.7184; 90.5184
79.6; 200; 12.49; 230.144; 92.7184; 92.7184; 90.4977; 91.8287; 12.49; 230.144; 13.89; 400; 92.7184; flow_1.5; 92.7184; 90.5184
79.7; 200; 12.49; 231.393; 92.7184; 92.7184; 90.4977; 91.8387; 12.49; 231.393; 13.89; 400; 92.7184; flow_0.4; 92.7184; 90.5184
79.8; 200; 12.49; 232.642; 92.7184; 92.7184; 90.4977; 91.8488; 12.49; 232.642; 13.89; 400; 92.7184; flow_0.4; 92.7184; 90.5184
79.9; 200; 12.49; 233.891; 92.7184; 92.7184; 90.4977; 91.8589; 12.49; 233.891; 13.89; 400; 92.7184; flow_0.4; 92.7184; 90.5184
80; 200; 12.49; 235.14; 92.7184; 92.7184; 90.4977; 91.869; 12.49; 235.14; 13.89; 400; 92.7184; flow_0.4; 92.7184; 90.5184
80.1; 200; 12.49; 236.389; 92.7184; 92.7184; 90.4977; 91.8791; 12.49; 236.389; 13.89; 400; 92.7184; flow_0.4; 92.7184; 90.5184
80.2; 200; 12.49; 237.638; 92.7184; 92.7184; 90.4977; 91.8891; 12.49; 237.638; 13.89; 400; 92.7184; flow_0.4; 92.7184; 90.5184
80.3; 200; 12.49; 238.887; 92.7184; 92.7184; 90.4977; 91.8992; 12.49; 238.887; 13.89; 400; 92.7184; flow_0.4; 92.7184; 90.5184
80.4; 200; 12.49; 240.136; 92.7184; 92.7184; 90.4977; 91.9093; 12.49; 240.136; 13.89; 400; 92.7184; flow_0.4; 92.7184; 90.5184
80.5; 200; 12.49; 241.385; 92.7184; 92.7184; 90.4977; 91.9194; 12.49; 241.385; 13.89; 400; 92.7184; flow_0.4; 92.7184; 90.5184
80.6; 200; 12.49; 242.634; 92.7184; 92.7184; 90.4977; 91.9295; 12.49; 242.634; 13.89; 400; 92.7184; flow_0.4; 92.7184; 90.5184
80.7; 200; 12.49; 243.883; 92.7184; 92.7184; 90.4977; 91.9395; 12.49; 243.883; 13.89; 400; 92.7184; flow_0.4; 92.7184; 90.5184
80.8; 200; 12.49; 245.132; 92.7184; 92.7184; 90.4977; 91.9496; 12.49; 245.132; 13.89; 400; 92.7184; flow_0.4; 92.7184; 90.5184
80.9; 200; 12.49; 246.381; 92.7184; 92.7184; 90.4977; 91.9597; 12.49; 246.381; 13.89; 400; 92.7184; flow_0.4; 92.7184; 90.5184
81; 200; 12.49; 247.63; 92.7184; 92.7184; 90.4977; 91.9698; 12.49; 247.63; 13.89; 400; 92.7184; flow_0.4; 92.7184; 90.5184
81.1; 200; 12.49; 248.879; 92.7184; 92.7184; 90.4977; 91.9798; 12.49; 248.879; 13.89; 400; 92.7184; flow_0.4; 92.7184; 90.5184
81.2; 200; 12.49; 250.128; 92.7184; 92.7184; 90.4977; 91.9899; 12.49; 250.128; 13.89; 400; 92.7184; flow_0.4; 92.7184; 90.5184
81.3; 200; 12.49; 251.377; 92.7184; 92.7184; 90.4977; 92; 12.49; 251.377; 13.89; 400; 92.7184; flow_0.4; 92.7184; 90.5184
81.4; 200; 12.49; 252.626; 92.7184; 92.7184; 90.4977; 92.0101; 12.49; 252.626; 13.89; 400; 92.7184; flow_0.4; 92.7184; 90.5184
81.5; 200; 12.49; 253.875; 92.7184; 92.7184; 90.4977; 92.0202; 12.49; 253.875; 13.89; 400; 92.7184; flow_0.4; 92.7184; 90.5184
81.6; 200; 12.49; 255.124; 92.7184; 92.7184; 90.4977; 92.0302; 12.49; 255.124; 13.89; 400; 92.7184; flow_0.4; 92.7184; 90.5184
81.7; 200; 12.49; 256.373; 92.7184; 92.7184; 90.4977; 92.0403; 12.49; 256.373; 13.89; 400; 92.7184; flow_0.4; 92.7184; 90.5184
81.8; 200; 12.49; 257.622; 92.7184; 92.7184; 90.4977; 92.0504; 12.49; 257.622; 13.89; 400; 92.7184; flow_0.5; 92.7184; 90.5184
81.9; 200; 12.49; 258.871; 92.7184; 92.7184; 90.4977; 92.0605; 12.49; 258.871; 13.89; 400; 92.7184; flow_0.5; 92.7184; 90.5184
82; 200; 12.5; 260.12; 92.7184; 92.7184; 90.4977; 92.0706; 12.49; 260.12; 13.89; 400; 92.7184; flow_0.5; 92.7184; 90.5184
82.1; 200; 12.51; 261.37; 92.7184; 92.7184; 90.4977; 92.0806; 12.5; 261.37; 13.89; 400; 92.7184; flow_0.5; 92.7184; 90.5184
82.2; 200; 12.52; 262.621; 92.7184; 92.7184; 90.4977; 92.0905; 12.51; 262.621; 13.89; 400; 92.7184; flow_0.5; 92.7184; 90.5184
82.3; 200; 12.53; 263.873; 92.7184; 92.7184; 90.4977; 92.1004; 12.52; 263.873; 13.89; 400; 92.7184; flow_0.5; 92.7184; 90.5184
82.4; 200; 12.54; 265.126; 92.7184; 92.7184; 90.4977; 92.1102; 12.53; 265.126; 13.89; 400; 92.7184; flow_0.5; 92.7184; 90.5184
82.5; 200; 12.55; 266.38; 92.7184; 92.7184; 90.4977; 92.1199; 12.54; 266.38; 13.89; 400; 92.7184; flow_0.5; 92.7184; 90.5184
82.6; 200; 12.56; 267.635; 92.7184; 92.7184; 90.4977; 92.1295; 12.55; 267.635; 13.89; 400; 92.7184; flow_0.5; 92.7184; 90.5184
82.7; 200; 12.57; 268.891; 92.7184; 92.7184; 90.4977; 92.1391; 12.56; 268.891; 13.89; 400; 92.7184; flow_0.5; 92.7184; 90.5184
82.8; 200; 12.58; 270.148; 92.7184; 92.7184; 90.4977; 92.1486; 12.57; 270.148; 13.89; 400; 92.7184; flow_0.5; 92.7184; 90.5184
82.9; 200; 12.59; 271.406; 92.7184; 92.7184; 90.4977; 92.158; 12.58; 271.406; 13.89; 400; 92.7184; flow_0.5; 92.7184; 90.5184
83; 200; 12.59; 272.665; 92.7184; 92.7184; 90.4977; 92.1674; 12.59; 272.665; 13.89; 400; 92.7184; flow_0.5; 92.7184; 90.5184
83.1; 200; 12.6; 273.924; 92.7184; 92.7184; 90.4977; 92.1768; 12.59; 273.924; 13.89; 400; 92.7184; flow_0.5; 92.7184; 90.5184
83.2; 200; 12.61; 275.184; 92.7184; 92.7184; 90.4977; 92.186; 12.6; 275.184; 13.89; 400; 92.7184; flow_0.5; 92.7184; 90.5184
83.3; 200; 12.62; 276.445; 92.7184; 92.7184; 90.4977; 92.1953; 12.61; 276.445; 13.89; 400; 92.7184; flow_0.5; 92.7184; 90.5184
83.4; 200; 12.63; 277.707; 92.7184; 92.7184; 90.4977; 92.2044; 12.62; 277.707; 13.89; 400; 92.7184; flow_0.5; 92.7184; 90.5184
83.5; 200; 12.64; 278.97; 92.7184; 92.7184; 90.4977; 92.2135; 12.63; 278.97; 13.89; 400; 92.7184; flow_0.5; 92.7184; 90.5184
83.6; 200; 12.65; 280.234; 92.7184; 92.7184; 90.4977; 92.2225; 12.64; 280.234; 13.89; 400; 92.7184; flow_0.5; 92.7184; 90.5184
83.7; 200; 12.66; 281.499; 92.7184; 92.7184; 90.4977; 92.2314; 12.65; 281.499; 13.89; 400; 92.7184; flow_0.5; 92.7184; 90.5184
83.8; 200; 12.67; 282.765; 92.7184; 92.7184; 90.4977; 92.2403; 12.66; 282.765; 13.89; 400; 92.7184; flow_0.5; 92.7184; 90.5184
83.9; 200; 12.68; 284.032; 92.7184; 92.7184; 90.4977; 92.249; 12.67; 284.032; 13.89; 400; 92.7184; flow_0.5; 92.7184; 90.5184
84; 200; 12.69; 285.3; 92.7184; 92.7184; 90.4977; 92.2577; 12.68; 285.3; 13.89; 400; 92.7184; flow_0.6; 92.7184; 90.5184
84.1; 200; 12.7; 286.569; 92.7184; 92.7184; 90.4977; 92.2664; 12.69; 286.569; 13.89; 400; 92.7184; flow_0.6; 92.7184; 90.5184
84.2; 200; 12.71; 287.839; 92.7184; 92.7184; 90.4977; 92.2749; 12.7; 287.839; 13.89; 400; 92.7184; flow_0.6; 92.7184; 90.5184
84.3; 200; 12.72; 289.11; 92.7184; 92.7184; 90.4977; 92.2834; 12.71; 289.11; 13.89; 400; 92.7184; flow_0.6; 92.7184; 90.5184
84.4; 200; 12.73; 290.382; 92.7184; 92.7184; 90.4977; 92.2919; 12.72; 290.382; 13.89; 400; 92.7184; flow_0.6; 92.7184; 90.5184
84.5; 200; 12.73; 291.655; 92.7184; 92.7184; 90.4977; 92.3002; 12.73; 291.655; 13.89; 400; 92.7184; flow_0.6; 92.7184; 90.5184
84.6; 200; 12.74; 292.928; 92.7184; 92.7184; 90.4977; 92.3086; 12.73; 292.928; 13.89; 400; 92.7184; flow_0.6; 92.7184; 90.5184
84.7; 200; 12.75; 294.202; 92.7184; 92.7184; 90.4977; 92.3169; 12.74; 294.202; 13.89; 400; 92.7184; flow_0.6; 92.7184; 90.5184
84.8; 200; 12.76; 295.477; 92.7184; 92.7184; 90.4977; 92.3251; 12.75; 295.477; 13.89; 400; 92.7184; flow_0.6; 92.7184; 90.5184
84.9; 200; 12.77; 296.753; 92.7184; 92.7184; 90.4977; 92.3332; 12.76; 296.753; 13.89; 400; 92.7184; flow_0.6; 92.7184; 90.5184
85; 200; 12.78; 298.03; 92.7184; 92.7184; 90.4977; 92.3413; 12.77; 298.03; 13.89; 400; 92.7184; flow_0.6; 92.7184; 90.5184
85.1; 200; 12.79; 299.308; 92.7184; 92.7184; 90.4977; 92.3492; 12.78; 299.308; 13.89; 400; 92.7184; flow_0.6; 92.7184; 90.5184
85.2; 200; 12.8; 300.587; 92.7184; 92.7184; 90.4977; 92.3572; 12.79; 300.587; 13.89; 400; 92.7184; flow_0.6; 92.7184; 90.5184
85.3; 200; 12.81; 301.867; 92.7184; 92.7184; 90.4977; 92.365; 12.8; 301.867; 13.89; 400; 92.7184; flow_0.6; 92.7184; 90.5184
85.4; 200; 12.82; 303.148; 92.7184; 92.7184; 90.4977; 92.3728; 12.81; 303.148; 13.89; 400; 92.7184; flow_0.6; 92.7184; 90.5184
85.5; 200; 12.83; 304.43; 92.7184; 92.7184; 90.4977; 92.3805; 12.82; 304.43; 13.89; 400; 92.7184; flow_0.6; 92.7184; 90.5184
85.6; 200; 12.84; 305.713; 92.7184; 92.7184; 90.4977; 92.3881; 12.83; 305.713; 13.89; 400; 92.7184; flow_0.6; 92.7184; 90.5184
85.7; 200; 12.85; 306.997; 92.7184; 92.7184; 90.4977; 92.3957; 12.84; 306.997; 13.89; 400; 92.7184; flow_0.6; 92.7184; 90.5184
85.8; 200; 12.86; 308.282; 92.7184; 92.7184; 90.4977; 92.4032; 12.85; 308.282; 13.89; 400; 92.7184; flow_0.6; 92.7184; 90.5184
85.9; 200; 12.87; 309.568; 92.7184; 92.7184; 90.4977; 92.4106; 12.86; 309.568; 13.89; 400; 92.7184; flow_0.6; 92.7184; 90.5184
86; 200; 12.88; 310.855; 92.7184; 92.7184; 90.4977; 92.4179; 12.87; 310.855; 13.89; 400; 92.7184; flow_0.6; 92.7184; 90.5184
86.1; 200; 12.89; 312.143; 92.7184; 92.7184; 90.4977; 92.4252; 12.88; 312.143; 13.89; 400; 92.7184; flow_0.6; 92.7184; 90.5184
86.2; 200; 12.9; 313.432; 92.7184; 92.7184; 90.4977; 92.4324; 12.89; 313.432; 13.89; 400; 92.7184; flow_0.7; 92.7184; 90.5184
86.3; 200; 12.91; 314.722; 92.7184; 92.7184; 90.4977; 92.4395; 12.9; 314.722; 13.89; 400; 92.7184; flow_0.7; 92.7184; 90.5184
86.4; 200; 12.92; 316.013; 92.7184; 92.7184; 90.4977; 92.4466; 12.91; 316.013; 13.89; 400; 92.7184; flow_0.7; 92.7184; 90.5184
86.5; 200; 12.93; 317.305; 92.7184; 92.7184; 90.4977; 92.4536; 12.92; 317.305; 13.89; 400; 92.7184; flow_0.7; 92.7184; 90.5184
86.6; 200; 12.94; 318.598; 92.7184; 92.7184; 90.4977; 92.4605; 12.93; 318.598; 13.89; 400; 92.7184; flow_0.7; 92.7184; 90.5184
86.7; 200; 12.95; 319.892; 92.7184; 92.7184; 90.4977; 92.4673; 12.94; 319.892; 13.89; 400; 92.7184; flow_0.7; 92.7184; 90.5184
86.8; 200; 12.96; 321.187; 92.7184; 92.7184; 90.4977; 92.4741; 12.95; 321.187; 13.89; 400; 92.7184; flow_0.7; 92.7184; 90.5184
86.9; 200; 12.97; 322.483; 92.7184; 92.7184; 90.4977; 92.4808; 12.96; 322.483; 13.89; 400; 92.7184; flow_0.7; 92.7184; 90.5184
87; 200; 12.98; 323.78; 92.7184; 92.7184; 90.4977; 92.4874; 12.97; 323.78; 13.89; 400; 92.7184; flow_0.7; 92.7184; 90.5184
87.1; 200; 12.99; 325.078; 92.7184; 92.7184; 90.4977; 92.494; 12.98; 325.078; 13.89; 400; 92.7184; flow_0.7; 92.7184; 90.5184
87.2; 200; 13; 326.377; 92.7184; 92.7184; 90.4977; 92.5004; 12.99; 326.377; 13.89; 400; 92.7184; flow_0.7; 92.7184; 90.5184
87.3; 200; 13.01; 327.677; 92.7184; 92.7184; 90.4977; 92.5068; 13; 327.677; 13.89; 400; 92.7184; flow_0.7; 92.7184; 90.5184
87.4; 200; 13.02; 328.978; 92.7184; 92.7184; 90.4977; 92.5132; 13.01; 328.978; 13.89; 400; 92.7184; flow_0.7; 92.7184; 90.5184
87.5; 200; 13.03; 330.28; 92.7184; 92.7184; 90.4977; 92.5194; 13.02; 330.28; 13.89; 400; 92.7184; flow_0.7; 92.7184; 90.5184
87.6; 200; 13.04; 331.583; 92.7184; 92.7184; 90.4977; 92.5256; 13.03; 331.583; 13.89; 400; 92.7184; flow_0.7; 92.7184; 90.5184
87.7; 200; 13.05; 332.887; 92.7184; 92.7184; 90.4977; 92.5318; 13.04; 332.887; 13.89; 400; 92.7184; flow_0.7; 92.7184; 90.5184
87.8; 200; 13.06; 334.192; 92.7184; 92.7184; 90.4977; 92.5378; 13.05; 334.192; 13.89; 400; 92.7184; flow_0.7; 92.7184; 90.5184
87.9; 200; 13.07; 335.498; 92.7184; 92.7184; 90.4977; 92.5438; 13.06; 335.498; 13.89; 400; 92.7184; flow_0.7; 92.7184; 90.5184
88; 200; 13.08; 336.805; 92.7184; 92.7184; 90.4977; 92.5497; 13.07; 336.805; 13.89; 400; 92.7184; flow_0.7; 92.7184; 90.5184
88.1; 200; 13.09; 338.113; 92.7184; 92.7184; 90.4977; 92.5555; 13.08; 338.113; 13.89; 400; 92.7184; flow_0.7; 92.7184; 90.5184
88.2; 200; 13.1; 339.422; 92.7184; 92.7184; 90.4977; 92.5613; 13.09; 339.422; 13.89; 400; 92.7184; flow_0.7; 92.7184; 90.5184
88.3; 200; 13.11; 340.732; 92.7184; 92.7184; 90.4977; 92.567; 13.1; 340.732; 13.89; 400; 92.7184; flow_0.7; 92.7184; 90.5184
88.4; 200; 13.12; 342.043; 92.7184; 92.7184; 90.4977; 92.5726; 13.11; 342.043; 13.89; 400; 92.7184; flow_1.6; 92.7184; 90.5184
88.5; 200; 13.13; 343.355; 92.7184; 92.7184; 90.4977; 92.5781; 13.12; 343.355; 13.89; 400; 92.7184; flow_1.6; 92.7184; 90.5184
88.6; 200; 13.14; 344.668; 92.7184; 92.7184; 90.4977; 92.5836; 13.13; 344.668; 13.89; 400; 92.7184; flow_1.6; 92.7184; 90.5184
88.7; 200; 13.15; 345.982; 92.7184; 92.7184; 90.4977; 92.589; 13.14; 345.982; 13.89; 400; 92.7184; flow_1.6; 92.7184; 90.5184
88.8; 200; 13.16; 347.297; 92.7184; 92.7184; 90.4977; 92.5943; 13.15; 347.297; 13.89; 400; 92.7184; flow_1.6; 92.7184; 90.5184
88.9; 200; 13.17; 348.613; 92.7184; 92.7184; 90.4977; 92.5996; 13.16; 348.613; 13.89; 400; 92.7184; flow_1.6; 92.7184; 90.5184
89; 200; 13.18; 349.93; 92.7184; 92.7184; 90.4977; 92.6048; 13.17; 349.93; 13.89; 400; 92.7184; flow_1.6; 92.7184; 90.5184
89.1; 200; 13.19; 351.248; 92.7184; 92.7184; 90.4977; 92.6099; 13.18; 351.248; 13.89; 400; 92.7184; flow_1.6; 92.7184; 90.5184
89.2; 200; 13.2; 352.567; 92.7184; 92.7184; 90.4977; 92.6149; 13.19; 352.567; 13.89; 400; 92.7184; flow_1.6; 92.7184; 90.5184
89.3; 200; 13.21; 353.887; 92.7184; 92.7184; 90.4977; 92.6199; 13.2; 353.887; 13.89; 400; 92.7184; flow_1.6; 92.7184; 90.5184
89.4; 200; 13.22; 355.208; 92.7184; 92.7184; 90.4977; 92.6248; 13.21; 355.208; 13.89; 400; 92.7184; flow_1.6; 92.7184; 90.5184
89.5; 200; 13.23; 356.53; 92.7184; 92.7184; 90.4977; 92.6296; 13.22; 356.53; 13.89; 400; 92.7184; flow_1.6; 92.7184; 90.5184
89.6; 200; 13.24; 357.853; 92.7184; 92.7184; 90.4977; 92.6343; 13.23; 357.853; 13.89; 400; 92.7184; flow_1.6; 92.7184; 90.5184
89.7; 200; 13.25; 359.177; 92.7184; 92.7184; 90.4977; 92.639; 13.24; 359.177; 13.89; 400; 92.7184; flow_1.6; 92.7184; 90.5184
89.8; 200; 13.26; 360.502; 92.7184; 92.7184; 90.4977; 92.6436; 13.25; 360.502; 13.89; 400; 92.7184; flow_1.6; 92.7184; 90.5184
89.9; 200; 13.28; 361.828; 92.7184; 92.7184; 90.4977; 92.6482; 13.26; 361.828; 13.89; 400; 92.7184; flow_1.6; 92.7184; 90.5184
90; 200; 13.3; 363.156; 92.7184; 92.7184; 90.4977; 92.6526; 13.28; 363.156; 13.89; 400; 92.7184; flow_1.6; 92.7184; 90.5184
90.1; 200; 13.32; 364.486; 92.7184; 92.7184; 90.4977; 92.6568; 13.3; 364.486; 13.89; 400; 92.7184; flow_1.6; 92.7184; 90.5184
90.2; 200; 13.34; 365.818; 92.7184; 92.7184; 90.4977; 92.6609; 13.32; 365.818; 13.89; 400; 92.7184; flow_1.6; 92.7184; 90.5184
90.3; 200; 13.36; 367.152; 92.7184; 92.7184; 90.4977; 92.6649; 13.34; 367.152; 13.89; 400; 92.7184; flow_1.6; 92.7184; 90.5184
90.4; 200; 13.37; 368.488; 92.7184; 92.7184; 90.4977; 92.6687; 13.36; 368.488; 13.89; 400; 92.7184; flow_1.6; 92.7184; 90.5184
90.5; 200; 13.39; 369.825; 92.7184; 92.7184; 90.4977; 92.6724; 13.37; 369.825; 13.89; 400; 92.7184; flow_1.6; 92.7184; 90.5184
90.6; 200; 13.41; 371.164; 92.7184; 92.7184; 90.4977; 92.676; 13.39; 371.164; 13.89; 400; 92.7184; flow_1.6; 92.7184; 90.5184
90.7; 200; 13.43; 372.505; 92.7184; 92.7184; 90.4977; 92.6795; 13.41; 372.505; 13.89; 400; 92.7184; vehicle_0; 92.7184; 0
90.8; 200; 13.45; 373.848; 92.7184; 92.7184; 90.4977; 92.6828; 13.43; 373.848; 13.89; 400; 92.7184; vehicle_0; 92.7184; 0
90.9; 200; 13.47; 375.193; 92.7184; 92.7184; 90.4977; 92.686; 13.45; 375.193; 13.89; 400; 92.7184; vehicle_0; 92.7184; 0
91; 200; 13.49; 376.54; 92.7184; 92.7184; 90.4977; 92.689; 13.47; 376.54; 13.89; 400; 92.7184; vehicle_0; 92.7184; 0
91.1; 200; 13.51; 377.889; 92.7184; 92.7184; 90.4977; 92.6919; 13.49; 377.889; 13.89; 400; 92.7184; vehicle_0; 92.7184; 0
91.2; 200; 13.52; 379.24; 92.7184; 92.7184; 90.4977; 92.6946; 13.51; 379.24; 13.89; 400; 92.7184; vehicle_0; 92.7184; 0
91.3; 200; 13.54; 380.592; 92.7184; 92.7184; 90.4977; 92.6973; 13.52; 380.592; 13.89; 400; 92.7184; vehicle_0; 92.7184; 0
91.4; 200; 13.56; 381.946; 92.7184; 92.7184; 90.4977; 92.6998; 13.54; 381.946; 13.89; 400; 92.7184; vehicle_0; 92.7184; 0
91.5; 200; 13.58; 383.302; 92.7184; 92.7184; 90.4977; 92.7022; 13.56; 383.302; 13.89; 400; 92.7184; vehicle_0; 92.7184; 0
91.6; 200; 13.6; 384.66; 92.7184; 92.7184; 90.4977; 92.7044; 13.58; 384.66; 13.89; 400; 92.7184; vehicle_0; 92.7184; 0
91.7; 200; 13.62; 386.02; 92.7184; 92.7184; 90.4977; 92.7065; 13.6; 386.02; 13.89; 400; 92.7184; vehicle_0; 92.7184; 0
91.8; 200; 13.64; 387.382; 92.7184; 92.7184; 90.4977; 92.7084; 13.62; 387.382; 13.89; 400; 92.7184; vehicle_0; 92.7184; 0
91.9; 200; 13.66; 388.746; 92.7184; 92.7184; 90.4977; 92.7102; 13.64; 388.746; 13.89; 400; 92.7184; vehicle_0; 92.7184; 0
92; 200; 13.68; 390.112; 92.7184; 92.7184; 90.4977; 92.7119; 13.66; 390.112; 13.89; 400; 92.7184; vehicle_0; 92.7184; 0
92.1; 200; 13.71; 391.48; 92.7184; 92.7184; 90.4977; 92.7134; 13.68; 391.48; 13.89; 400; 92.7184; vehicle_0; 92.7184; 0
92.2; 200; 13.74; 392.851; 92.7184; 92.7184; 90.4977; 92.7147; 13.71; 392.851; 13.89; 400; 92.7184; vehicle_0; 92.7184; 0
92.3; 200; 13.76; 394.225; 92.7184; 92.7184; 90.4977; 92.7158; 13.74; 394.225; 13.89; 400; 92.7184; vehicle_0; 92.7184; 0
92.4; 200; 13.79; 395.601; 92.7184; 92.7184; 90.4977; 92.7167; 13.76; 395.601; 13.89; 400; 92.7184; vehicle_0; 92.7184; 0
92.5; 200; 13.89; 396.98; 92.7184; 92.7184; 90.4977; 92.7174; 13.79; 396.98; 13.89; 400; 92.7184; vehicle_0; 92.7184; 0
92.6; 200; 13.89; 398.369; 92.7184; 92.7184; 90.4977; 92.7174; 13.89; 398.369; 13.89; 400; 92.7184; vehicle_0; 92.7184; 0
